¹	D7 D6 D5 D4 D3 D2 D1 D0 HEX
0	1  0  1  1  1  1  0  0  0xBC
1	1  1  1  0  1  0  0  0  0xE8
2	0  0  1  0  0  0  1  1  0x23
3	1  1  1  1  0  1  0  0  0xF4
4	0  1  1  0  0  1  0  0  0x64
5	0  1  0  1  1  1  0  1  0x5D
6	0  0  1  0  0  0  1  1  0x23
7	1  1  0  1  1  1  1  1  0xDF
8	1  0  1  1  0  1  0  1  0xB5
9	1  1  0  0  0  0  0  1  0xC1
10	0  1  1  0  1  0  1  0  0x6A
11	1  0  1  1  0  0  1  1  0xB3
12	0  0  0  1  1  1  1  0  0x1E
13	1  1  1  0  1  1  0  1  0xED
14	1  1  1  0  1  0  0  0  0xE8
15	0  1  0  1  1  0  0  1  0x59
16	1  1  1  1  0  1  1  1  0xF7
17	1  0  1  0  1  1  1  0  0xAE
18	0  0  0  0  1  0  0  0  0x08
19	1  1  0  0  0  0  0  0  0xC0
20	1  1  1  1  0  1  1  0  0xF6
21	0  1  1  1  0  1  1  0  0x76
22	0  1  0  0  1  1  0  1  0x4D
23	0  0  1  0  0  1  1  0  0x26
24	1  1  1  0  1  1  1  1  0xEF
25	0  1  0  0  0  1  0  0  0x44
26	0  0  1  0  1  0  1  1  0x2B
27	1  0  1  0  0  1  1  0  0xA6
28	1  1  0  1  0  0  0  0  0xD0
29	1  1  0  1  0  0  0  1  0xD1
30	0  0  1  0  1  0  0  0  0x28
31	0  0  0  0  0  0  1  1  0x03
32	1  1  0  1  1  1  0  0  0xDC
33	1  1  1  1  1  1  0  0  0xFC
34	0  0  1  1  0  0  1  1  0x33
35	1  0  1  1  0  0  1  1  0xB3
36	0  0  1  0  1  0  0  0  0x28
37	0  1  1  1  0  1  1  1  0x77
38	0  1  0  0  0  1  0  0  0x44
39	0  0  1  0  1  1  1  1  0x2F
40	0  1  0  1  0  0  1  1  0x53
41	1  0  1  1  0  0  1  1  0xB3
42	0  0  1  1  0  1  1  0  0x36
43	0  1  1  1  1  0  1  0  0x7A
44	1  0  0  0  1  0  0  1  0x89
45	0  0  0  0  1  0  1  0  0x0A
46	1  1  1  0  0  0  0  1  0xE1
47	1  1  1  1  0  0  0  0  0xF0
48	1  0  1  1  1  0  1  1  0xBB
49	0  0  1  0  1  1  0  0  0x2C
50	0  1  1  1  1  1  0  0  0x7C
51	0  1  0  1  0  0  0  1  0x51
52	0  0  0  1  1  0  0  0  0x18
53	1  1  0  0  1  1  0  0  0xCC
54	0  0  1  1  0  0  0  1  0x31
55	0  0  0  0  1  1  0  1  0x0D
56	1  1  0  0  1  1  1  1  0xCF
57	1  0  0  0  1  0  1  1  0x8B
58	0  0  0  0  0  0  1  0  0x02
59	1  1  0  1  0  0  1  0  0xD2
60	0  0  0  0  1  0  0  1  0x09
61	0  0  1  0  0  1  0  0  0x24
62	1  1  0  1  1  0  1  1  0xDB
63	0  1  0  1  0  1  0  0  0x54
64	0  0  1  0  0  0  0  1  0x21
65	1  1  0  1  1  0  1  0  0xDA
66	1  1  1  1  1  0  0  0  0xF8
67	0  1  0  1  1  1  0  0  0x5C
68	0  0  1  0  0  1  1  0  0x26
69	0  0  0  1  1  1  1  1  0x1F
70	0  1  1  1  1  0  1  0  0x7A
71	0  0  0  1  0  1  0  0  0x14
72	1  0  0  1  0  0  1  1  0x93
73	1  0  0  0  0  1  1  0  0x86
74	0  1  0  0  0  1  0  1  0x45
75	1  0  0  1  0  0  0  1  0x91
76	0  1  0  0  1  1  0  1  0x4D
77	1  1  1  0  1  0  1  1  0xEB
78	0  0  0  1  1  1  0  1  0x1D
79	1  0  1  0  0  0  1  0  0xA2
80	1  1  0  1  1  1  1  0  0xDE
81	1  1  1  0  0  0  0  0  0xE0
82	0  0  0  0  0  0  0  1  0x01
83	1  1  0  1  1  0  0  0  0xD8
84	1  1  1  1  0  0  0  1  0xF1
85	0  1  0  1  1  0  1  1  0x5B
86	1  1  0  0  0  1  1  0  0xC6
87	1  1  0  1  0  1  1  0  0xD6
88	0  0  0  0  1  1  0  1  0x0D
89	1  0  0  1  1  1  1  0  0x9E
90	1  1  1  1  1  0  0  0  0xF8
91	1  1  0  1  1  0  1  0  0xDA
92	1  0  0  1  0  1  1  0  0x96
93	0  1  1  0  0  1  1  1  0x67
94	1  1  1  0  1  1  0  1  0xED
95	1  0  0  0  1  1  0  0  0x8C
96	0  0  0  0  0  0  0  1  0x01
97	0  1  0  1  1  0  1  0  0x5A
98	0  0  1  0  1  0  1  1  0x2B
99	0  0  0  0  0  1  1  1  0x07
100	0  1  0  1  0  1  1  1  0x57
101	1  0  1  0  1  0  1  1  0xAB
102	1  1  1  1  1  1  0  0  0xFC
103	0  0  1  0  0  1  0  1  0x25
104	1  1  1  0  1  1  0  1  0xED
105	0  0  0  1  0  0  0  0  0x10
106	0  1  0  1  0  0  0  0  0x50
107	0  0  0  1  0  0  0  0  0x10
108	0  1  1  0  0  0  1  0  0x62
109	1  1  1  0  0  1  1  0  0xE6
110	1  1  0  1  0  0  1  1  0xD3
111	0  0  0  0  0  1  1  0  0x06
112	1  1  0  1  1  0  0  1  0xD9
113	1  0  1  0  0  0  1  0  0xA2
114	0  1  0  0  1  1  1  1  0x4F
115	0  1  1  0  1  1  0  0  0x6C
116	0  1  1  1  1  0  0  0  0x78
117	0  1  1  1  1  0  1  1  0x7B
118	0  1  0  0  0  1  0  0  0x44
119	0  0  0  1  0  1  1  0  0x16
120	0  0  1  0  0  0  0  1  0x21
121	0  1  0  1  0  1  1  0  0x56
122	1  1  0  0  0  1  0  1  0xC5
123	1  1  0  1  0  1  0  1  0xD5
124	0  1  1  1  0  0  0  0  0x70
125	1  1  1  1  0  0  0  1  0xF1
126	1  0  0  1  0  1  0  1  0x95
127	0  1  0  0  0  0  1  0  0x42
128	1  1  1  1  0  1  0  1  0xF5
129	0  1  0  1  0  1  0  0  0x54
130	1  0  0  0  0  0  1  1  0x83
131	1  1  0  0  1  0  1  1  0xCB
132	1  0  1  1  0  0  1  1  0xB3
133	0  1  1  1  0  1  0  1  0x75
134	0  0  0  0  0  0  1  1  0x03
135	1  1  1  1  1  0  1  1  0xFB
136	1  1  0  1  1  0  0  1  0xD9
137	0  0  1  0  1  0  1  0  0x2A
138	0  0  0  0  1  1  1  0  0x0E
139	0  0  0  0  1  1  1  0  0x0E
140	1  0  1  1  1  1  1  1  0xBF
141	0  1  0  1  0  1  0  1  0x55
142	0  0  1  1  1  0  1  1  0x3B
143	1  0  1  1  0  1  0  1  0xB5
144	0  0  1  0  0  1  0  0  0x24
145	0  1  0  0  1  0  1  0  0x4A
146	0  0  0  1  1  1  1  0  0x1E
147	0  0  1  0  0  1  1  0  0x26
148	1  0  1  0  0  1  1  0  0xA6
149	1  0  0  0  0  1  0  0  0x84
150	1  1  1  0  0  0  0  1  0xE1
151	0  1  1  0  0  1  1  1  0x67
152	1  0  0  0  0  0  1  1  0x83
153	1  0  0  0  1  0  0  1  0x89
154	0  0  1  0  0  0  1  0  0x22
155	1  1  0  1  1  1  0  0  0xDC
156	1  0  0  0  1  1  1  1  0x8F
157	0  0  0  1  1  0  1  0  0x1A
158	0  0  0  0  1  1  0  0  0x0C
159	0  0  0  1  0  0  0  0  0x10
160	0  1  1  1  0  1  0  1  0x75
161	1  0  1  0  0  0  0  0  0xA0
162	1  0  1  1  1  0  0  0  0xB8
163	1  1  0  0  0  0  0  0  0xC0
164	0  0  1  1  0  0  1  0  0x32
165	1  1  0  1  0  0  1  1  0xD3
166	1  1  0  0  0  1  1  0  0xC6
167	0  0  1  0  1  1  1  0  0x2E
168	1  1  0  0  1  1  1  0  0xCE
169	1  0  1  0  1  1  0  1  0xAD
170	0  0  1  1  0  1  1  1  0x37
171	1  0  1  0  0  1  0  0  0xA4
172	0  1  0  1  1  1  0  1  0x5D
173	1  0  0  0  1  1  1  0  0x8E
174	1  0  0  0  1  1  1  0  0x8E
175	0  1  0  0  0  1  1  0  0x46
176	0  0  1  1  0  1  1  1  0x37
177	1  0  1  1  0  0  0  0  0xB0
178	0  0  1  0  0  1  1  1  0x27
179	0  0  0  1  1  1  0  1  0x1D
180	0  1  1  1  0  1  0  0  0x74
181	1  1  0  0  1  1  1  0  0xCE
182	1  1  0  1  0  1  1  1  0xD7
183	0  1  1  0  0  0  0  1  0x61
184	1  0  1  0  1  0  1  0  0xAA
185	0  0  0  1  0  0  0  0  0x10
186	1  1  0  0  0  1  0  1  0xC5
187	0  0  0  0  0  1  1  1  0x07
188	1  1  1  0  1  0  1  0  0xEA
189	0  0  1  1  1  0  1  1  0x3B
190	1  0  0  0  1  0  0  1  0x89
191	1  0  0  0  1  0  1  1  0x8B
192	1  1  1  1  1  0  0  1  0xF9
193	0  0  0  1  0  1  1  0  0x16
194	1  0  0  0  0  0  1  1  0x83
195	1  1  1  1  1  1  1  1  0xFF
196	1  1  0  0  1  0  1  1  0xCB
197	0  0  0  1  1  1  1  1  0x1F
198	0  1  1  1  1  1  0  1  0x7D
199	0  1  0  1  0  1  0  1  0x55
200	0  1  0  0  0  1  1  0  0x46
201	0  1  1  0  1  1  1  1  0x6F
202	1  0  0  0  0  1  0  0  0x84
203	1  1  1  0  1  0  0  1  0xE9
204	0  0  1  1  0  1  0  0  0x34
205	1  1  1  0  1  0  1  1  0xEB
206	0  0  0  0  0  0  1  1  0x03
207	0  1  0  1  0  0  1  0  0x52
208	1  0  0  0  1  0  0  1  0x89
209	1  0  1  0  1  1  0  1  0xAD
210	0  0  1  0  0  0  0  1  0x21
211	0  1  1  0  1  0  1  0  0x6A
212	1  1  0  1  1  0  0  0  0xD8
213	1  0  1  1  0  0  0  1  0xB1
214	0  1  0  1  1  1  1  0  0x5E
215	1  0  0  1  1  0  1  1  0x9B
216	0  0  0  1  0  0  0  0  0x10
217	1  1  0  0  0  1  0  0  0xC4
218	0  1  1  0  1  0  0  1  0x69
219	0  1  1  0  1  1  0  1  0x6D
220	0  1  1  1  1  0  1  1  0x7B
221	1  0  1  0  1  0  1  0  0xAA
222	0  1  0  0  0  1  0  0  0x44
223	0  1  0  0  1  1  0  1  0x4D
224	1  1  1  1  1  0  0  0  0xF8
225	1  0  0  0  1  1  1  1  0x8F
226	1  0  0  1  1  0  1  0  0x9A
227	1  0  1  0  0  0  0  0  0xA0
228	0  1  1  1  1  0  0  0  0x78
229	1  0  1  1  0  0  0  0  0xB0
230	0  1  1  0  0  0  0  0  0x60
231	0  0  0  0  1  0  0  0  0x08
232	1  0  1  1  0  1  1  1  0xB7
233	0  1  0  0  1  0  1  0  0x4A
234	1  0  1  0  1  1  0  0  0xAC
235	1  1  1  1  0  1  1  0  0xF6
236	0  0  1  1  1  1  0  0  0x3C
237	1  1  0  0  0  0  1  1  0xC3
238	1  1  0  1  0  0  1  0  0xD2
239	0  1  1  1  0  0  0  0  0x70
240	1  0  0  1  0  1  0  0  0x94
241	0  0  0  1  0  1  1  1  0x17
242	1  1  0  0  0  1  0  1  0xC5
243	0  0  1  0  0  1  0  0  0x24
244	1  1  0  0  1  0  1  0  0xCA
245	1  0  0  0  0  1  1  0  0x86
246	1  0  1  0  1  1  0  0  0xAC
247	1  0  1  0  1  1  1  0  0xAE
248	0  0  1  0  1  0  1  1  0x2B
249	0  1  1  1  1  1  0  0  0x7C
250	1  1  0  0  0  0  1  1  0xC3
251	0  0  1  0  0  1  1  0  0x26
252	0  0  1  1  1  0  0  0  0x38
253	1  1  0  0  0  0  0  0  0xC0
254	0  1  1  1  0  1  0  1  0x75
255	1  1  1  0  1  1  1  0  0xEE
256	1  1  1  0  1  0  1  1  0xEB
257	1  1  1  0  0  0  0  1  0xE1
258	1  0  1  1  1  0  0  0  0xB8
259	1  0  1  1  1  0  1  0  0xBA
260	0  0  1  0  1  1  1  1  0x2F
261	1  1  0  1  1  1  1  0  0xDE
262	1  0  1  0  1  0  0  0  0xA8
263	1  1  1  0  0  0  0  0  0xE0
264	1  0  0  1  1  0  1  0  0x9A
265	0  0  0  1  0  1  0  0  0x14
266	0  1  1  0  0  1  1  1  0x67
267	1  1  1  0  0  0  1  0  0xE2
268	0  1  1  0  1  1  0  1  0x6D
269	0  1  1  0  1  1  0  1  0x6D
270	0  0  1  1  0  1  0  0  0x34
271	0  0  1  1  1  0  0  1  0x39
272	1  1  0  0  1  1  1  0  0xCE
273	1  1  0  0  0  1  1  1  0xC7
274	1  1  0  0  1  0  1  0  0xCA
275	0  1  1  0  0  1  0  0  0x64
276	0  1  0  0  0  1  0  0  0x44
277	1  0  1  0  0  0  1  1  0xA3
278	1  1  1  1  1  0  1  1  0xFB
279	0  0  1  1  0  0  1  0  0x32
280	0  1  1  1  0  1  0  0  0x74
281	0  0  0  0  1  1  1  1  0x0F
282	1  0  0  0  1  1  0  1  0x8D
283	0  1  0  0  1  1  0  0  0x4C
284	0  0  0  1  1  0  1  0  0x1A
285	1  1  0  1  0  1  0  1  0xD5
286	0  1  0  1  0  1  0  1  0x55
287	0  0  0  0  0  1  0  1  0x05
288	0  1  0  0  1  0  1  0  0x4A
289	1  1  1  0  0  1  0  1  0xE5
290	1  0  0  1  0  0  1  0  0x92
291	0  1  1  0  0  1  1  0  0x66
292	1  1  1  0  1  0  0  1  0xE9
293	0  0  0  0  0  0  0  0  0x00
294	1  0  0  0  1  1  0  0  0x8C
295	0  1  1  1  0  1  0  1  0x75
296	0  1  1  0  0  1  1  1  0x67
297	1  0  1  0  0  1  1  1  0xA7
298	0  1  1  0  1  1  0  1  0x6D
299	1  1  0  0  0  1  1  0  0xC6
300	1  0  1  1  1  1  1  0  0xBE
301	0  1  0  0  0  0  1  1  0x43
302	0  1  1  0  0  0  0  0  0x60
303	0  1  0  0  0  1  0  1  0x45
304	1  0  1  1  0  0  0  0  0xB0
305	1  0  0  1  0  1  1  0  0x96
306	1  1  1  0  1  0  0  0  0xE8
307	0  1  0  0  0  0  1  0  0x42
308	0  0  1  1  1  1  0  0  0x3C
309	0  1  1  0  0  0  0  1  0x61
310	1  0  0  0  0  0  1  0  0x82
311	1  0  1  1  1  1  1  0  0xBE
312	0  1  1  0  0  0  1  0  0x62
313	0  1  0  1  0  1  1  1  0x57
314	0  1  1  1  1  1  1  0  0x7E
315	1  1  1  1  0  1  0  0  0xF4
316	0  0  0  1  1  0  0  1  0x19
317	0  1  0  0  0  0  1  0  0x42
318	0  0  0  1  1  0  1  1  0x1B
319	0  0  1  0  1  0  1  1  0x2B
320	1  0  0  0  1  1  0  1  0x8D
321	0  1  1  1  0  1  0  0  0x74
322	1  1  1  0  0  0  1  0  0xE2
323	1  0  1  1  1  0  1  1  0xBB
324	1  0  0  1  1  1  1  0  0x9E
325	0  1  1  1  0  0  0  0  0x70
326	0  1  0  0  0  1  0  0  0x44
327	0  1  0  1  1  1  1  0  0x5E
328	1  0  0  1  0  1  0  1  0x95
329	1  1  0  1  1  0  1  0  0xDA
330	0  1  1  1  0  1  1  1  0x77
331	1  0  1  1  1  0  1  0  0xBA
332	0  0  1  0  1  0  0  1  0x29
333	1  0  0  1  1  1  0  0  0x9C
334	1  0  0  0  1  1  1  0  0x8E
335	0  0  1  0  1  0  1  1  0x2B
336	1  0  1  1  0  0  1  0  0xB2
337	0  1  0  1  1  0  1  0  0x5A
338	1  1  0  1  0  1  1  1  0xD7
339	1  1  0  1  0  1  0  1  0xD5
340	1  0  1  0  1  1  0  0  0xAC
341	0  0  0  1  1  0  0  1  0x19
342	0  1  1  1  1  0  1  0  0x7A
343	1  1  1  0  1  0  1  0  0xEA
344	0  1  1  0  1  1  1  1  0x6F
345	0  0  1  0  1  0  1  1  0x2B
346	0  1  0  0  1  1  1  1  0x4F
347	0  0  1  1  1  0  0  1  0x39
348	0  0  1  0  1  1  0  1  0x2D
349	0  1  0  1  1  1  0  1  0x5D
350	1  1  1  1  1  1  1  1  0xFF
351	1  1  1  1  1  0  0  0  0xF8
352	0  0  1  0  1  1  0  0  0x2C
353	0  1  1  0  0  1  0  0  0x64
354	0  1  0  1  1  1  1  1  0x5F
355	1  1  0  1  0  0  1  0  0xD2
356	0  1  0  0  0  1  0  1  0x45
357	1  0  0  0  0  1  0  1  0x85
358	0  0  0  0  1  0  0  1  0x09
359	0  0  1  1  0  1  0  0  0x34
360	1  0  0  1  1  1  1  0  0x9E
361	1  0  0  0  0  1  0  1  0x85
362	0  0  1  1  1  1  0  0  0x3C
363	1  1  0  1  0  1  0  1  0xD5
364	1  0  1  0  0  1  0  0  0xA4
365	1  1  0  1  0  0  0  0  0xD0
366	1  1  1  1  0  1  1  0  0xF6
367	1  0  0  0  0  1  0  0  0x84
368	0  1  0  0  1  0  1  1  0x4B
369	1  1  1  0  1  1  0  1  0xED
370	0  1  0  1  0  0  0  0  0x50
371	0  0  1  1  0  1  1  0  0x36
372	1  0  0  0  1  0  1  0  0x8A
373	0  0  1  0  0  0  0  1  0x21
374	0  0  0  1  1  0  1  0  0x1A
375	0  1  0  0  1  1  1  1  0x4F
376	0  0  0  1  0  0  0  1  0x11
377	0  1  1  0  0  0  1  0  0x62
378	1  0  1  1  0  1  1  1  0xB7
379	0  0  1  1  0  0  0  1  0x31
380	0  1  0  0  1  1  0  1  0x4D
381	1  0  0  0  0  0  0  0  0x80
382	0  0  1  1  1  0  1  0  0x3A
383	0  0  0  0  0  0  1  1  0x03
384	1  0  0  1  1  1  1  1  0x9F
385	1  0  0  0  1  1  1  1  0x8F
386	1  1  0  0  0  0  0  1  0xC1
387	1  1  0  0  0  0  1  1  0xC3
388	1  1  0  1  1  0  0  0  0xD8
389	1  0  0  1  0  1  1  1  0x97
390	0  0  0  1  0  0  1  0  0x12
391	1  0  0  0  1  1  1  1  0x8F
392	1  1  1  1  1  0  0  0  0xF8
393	0  1  1  1  1  1  1  1  0x7F
394	0  1  1  1  0  1  0  1  0x75
395	0  0  1  0  1  1  1  1  0x2F
396	0  0  1  0  1  0  0  0  0x28
397	0  0  1  1  0  1  1  1  0x37
398	1  1  0  1  0  0  0  1  0xD1
399	1  1  1  0  0  1  1  1  0xE7
400	1  1  1  1  0  1  0  1  0xF5
401	0  0  1  0  0  1  0  1  0x25
402	0  0  0  0  1  0  1  0  0x0A
403	0  1  1  1  1  1  0  0  0x7C
404	1  1  0  0  1  1  1  1  0xCF
405	1  1  0  1  0  0  1  1  0xD3
406	1  0  0  1  1  0  1  0  0x9A
407	1  0  0  0  0  1  0  1  0x85
408	1  1  0  0  0  0  0  1  0xC1
409	1  1  0  1  0  1  1  0  0xD6
410	0  1  1  0  1  1  1  0  0x6E
411	1  1  1  1  0  1  0  0  0xF4
412	0  1  1  1  0  0  1  0  0x72
413	0  0  0  0  0  0  0  1  0x01
414	0  0  0  0  0  0  1  1  0x03
415	1  1  1  0  0  1  0  0  0xE4
416	0  1  0  1  1  1  0  1  0x5D
417	1  1  0  0  1  0  1  1  0xCB
418	1  1  0  0  0  0  0  1  0xC1
419	1  0  1  0  0  1  0  1  0xA5
420	0  1  0  0  1  1  0  1  0x4D
421	1  1  1  1  1  1  1  0  0xFE
422	1  0  0  1  0  1  1  1  0x97
423	0  0  0  0  0  1  1  0  0x06
424	0  0  0  1  1  1  0  0  0x1C
425	1  0  1  0  0  0  1  0  0xA2
426	1  1  0  1  1  0  0  1  0xD9
427	1  1  1  0  0  0  1  0  0xE2
428	1  0  1  0  1  1  0  0  0xAC
429	0  0  1  0  1  0  0  1  0x29
430	0  1  0  1  0  1  1  0  0x56
431	1  1  1  0  1  1  0  1  0xED
432	0  0  1  0  0  1  1  0  0x26
433	1  1  0  1  1  1  0  0  0xDC
434	1  0  1  1  1  1  0  1  0xBD
435	1  1  0  0  0  0  0  0  0xC0
436	0  1  1  1  0  0  1  0  0x72
437	1  0  0  0  0  1  0  1  0x85
438	0  0  1  1  0  0  1  0  0x32
439	0  0  1  0  0  0  1  1  0x23
440	1  1  1  1  0  1  1  1  0xF7
441	0  1  0  1  1  1  1  0  0x5E
442	0  0  1  0  1  1  0  0  0x2C
443	1  0  0  1  1  0  1  1  0x9B
444	1  0  0  1  0  1  0  1  0x95
445	0  0  1  1  1  0  1  0  0x3A
446	1  0  0  1  0  0  1  0  0x92
447	0  0  1  1  0  1  0  0  0x34
448	1  1  0  1  1  1  1  1  0xDF
449	1  1  1  1  0  0  1  0  0xF2
450	0  0  0  1  0  1  1  0  0x16
451	1  0  0  1  0  0  0  1  0x91
452	1  0  0  1  1  1  0  1  0x9D
453	0  0  0  1  0  0  1  1  0x13
454	1  1  0  1  0  0  0  1  0xD1
455	0  0  1  1  0  0  0  1  0x31
456	1  0  0  0  0  0  1  0  0x82
457	1  1  0  0  0  1  0  1  0xC5
458	0  0  1  0  0  0  0  0  0x20
459	0  0  0  0  0  0  1  1  0x03
460	0  0  1  0  1  0  1  0  0x2A
461	1  1  1  1  1  1  1  0  0xFE
462	1  0  1  1  1  1  1  0  0xBE
463	0  0  1  0  1  1  0  1  0x2D
464	0  1  0  1  0  1  1  1  0x57
465	1  1  1  0  1  0  0  1  0xE9
466	0  0  1  0  0  0  1  0  0x22
467	0  0  0  1  1  0  1  0  0x1A
468	0  1  1  0  1  1  0  1  0x6D
469	1  0  0  1  0  0  0  1  0x91
470	0  0  0  1  1  0  1  1  0x1B
471	1  1  0  0  0  0  1  0  0xC2
472	0  0  1  0  1  0  1  1  0x2B
473	1  1  0  1  0  0  1  0  0xD2
474	1  0  1  0  1  0  1  0  0xAA
475	0  0  1  1  1  1  1  0  0x3E
476	1  0  1  0  1  0  1  1  0xAB
477	1  0  0  0  0  0  1  0  0x82
478	0  0  1  0  0  0  0  0  0x20
479	1  0  0  0  1  0  1  1  0x8B
480	1  0  0  1  1  1  0  1  0x9D
481	1  1  0  1  1  0  1  1  0xDB
482	0  1  1  1  1  0  0  0  0x78
483	1  0  0  1  1  1  1  0  0x9E
484	1  1  0  0  0  0  0  0  0xC0
485	0  0  1  0  1  1  0  0  0x2C
486	1  1  1  1  0  1  1  1  0xF7
487	1  0  1  0  1  0  0  1  0xA9
488	1  0  1  0  0  0  1  0  0xA2
489	1  1  0  0  0  0  0  0  0xC0
490	0  0  0  0  0  0  1  0  0x02
491	1  0  1  0  1  1  0  1  0xAD
492	1  0  0  1  1  0  0  0  0x98
493	0  0  0  0  1  1  1  1  0x0F
494	0  0  1  1  1  1  1  1  0x3F
495	0  1  0  0  0  0  0  0  0x40
496	0  0  0  0  0  0  0  0  0x00
497	0  0  1  0  0  1  0  0  0x24
498	1  1  1  1  0  0  0  0  0xF0
499	1  0  1  0  0  0  0  1  0xA1
500	1  0  1  1  0  1  1  0  0xB6
501	0  1  0  0  1  1  1  0  0x4E
502	1  0  0  0  1  1  0  0  0x8C
503	1  1  1  1  1  0  0  1  0xF9
504	1  1  0  1  0  1  0  1  0xD5
505	0  0  0  0  1  0  1  0  0x0A
506	1  0  0  1  1  1  1  1  0x9F
507	1  1  1  1  0  1  0  0  0xF4
508	1  0  1  0  1  1  1  1  0xAF
509	0  0  1  1  0  0  0  0  0x30
510	1  1  1  0  0  1  0  0  0xE4
511	1  0  0  0  0  0  0  0  0x80
512	0  0  0  0  1  1  1  1  0x0F
513	0  1  0  1  1  1  1  0  0x5E
514	1  0  1  0  0  0  0  0  0xA0
515	1  1  1  0  0  1  0  1  0xE5
516	1  0  1  0  1  1  1  0  0xAE
517	1  0  1  0  0  0  1  0  0xA2
518	0  1  0  0  0  0  0  1  0x41
519	0  0  0  0  0  1  1  0  0x06
520	1  1  1  1  0  0  1  1  0xF3
521	0  1  1  0  1  0  1  1  0x6B
522	0  0  1  1  1  0  0  0  0x38
523	1  1  1  1  0  1  1  0  0xF6
524	1  1  1  0  1  1  1  1  0xEF
525	1  0  1  1  0  0  1  0  0xB2
526	0  0  0  1  0  0  1  1  0x13
527	1  0  1  1  1  1  1  0  0xBE
528	1  0  0  1  1  0  0  1  0x99
529	0  1  1  0  0  1  0  1  0x65
530	1  1  0  1  1  1  1  1  0xDF
531	0  1  1  0  1  1  0  1  0x6D
532	0  1  0  0  0  1  1  0  0x46
533	0  0  0  1  0  1  0  0  0x14
534	1  0  1  1  1  1  0  1  0xBD
535	0  1  1  0  0  0  0  1  0x61
536	0  1  1  0  1  1  0  0  0x6C
537	1  1  0  1  1  1  1  0  0xDE
538	1  1  0  0  0  0  1  1  0xC3
539	1  1  0  1  0  1  0  1  0xD5
540	1  0  0  1  1  0  0  0  0x98
541	1  0  0  1  1  1  1  0  0x9E
542	0  0  0  1  0  1  1  0  0x16
543	1  0  1  0  1  1  0  0  0xAC
544	1  0  1  0  1  1  0  1  0xAD
545	0  1  0  1  0  0  1  1  0x53
546	0  1  0  0  0  1  0  1  0x45
547	0  1  1  1  1  1  0  1  0x7D
548	0  1  0  1  1  1  1  0  0x5E
549	1  1  0  0  1  1  0  1  0xCD
550	1  1  1  0  1  0  0  0  0xE8
551	1  1  0  1  1  1  1  1  0xDF
552	1  1  1  0  1  1  1  0  0xEE
553	1  0  0  1  1  1  1  1  0x9F
554	0  1  1  1  1  0  0  1  0x79
555	1  1  1  1  0  1  1  0  0xF6
556	0  0  1  0  0  1  1  1  0x27
557	0  1  0  0  0  0  0  0  0x40
558	0  1  1  1  0  0  1  0  0x72
559	0  0  1  1  1  1  1  0  0x3E
560	1  0  0  1  1  0  0  1  0x99
561	1  0  0  0  0  0  1  1  0x83
562	1  0  1  0  1  0  0  0  0xA8
563	1  0  0  1  0  1  1  1  0x97
564	0  0  0  1  0  1  0  1  0x15
565	0  0  1  1  1  0  1  1  0x3B
566	1  1  1  0  0  1  1  1  0xE7
567	1  0  0  1  0  0  1  0  0x92
568	0  1  1  0  1  0  0  1  0x69
569	0  0  1  0  0  1  1  1  0x27
570	1  1  0  0  1  1  1  1  0xCF
571	1  1  1  1  1  0  1  1  0xFB
572	0  1  0  1  1  1  0  1  0x5D
573	0  0  1  0  0  0  1  1  0x23
574	1  1  1  0  1  1  1  0  0xEE
575	1  0  1  0  0  1  1  1  0xA7
576	1  1  1  0  1  1  1  0  0xEE
577	1  0  0  1  0  0  1  0  0x92
578	0  0  0  1  1  1  1  1  0x1F
579	0  1  1  1  1  1  1  1  0x7F
580	1  1  0  0  1  0  1  0  0xCA
581	0  0  0  0  0  1  1  0  0x06
582	0  0  1  0  0  0  1  1  0x23
583	1  1  0  0  1  1  0  1  0xCD
584	0  0  0  0  1  0  1  1  0x0B
585	0  0  1  1  0  0  1  0  0x32
586	0  1  1  1  1  1  0  1  0x7D
587	1  1  0  0  0  1  1  0  0xC6
588	0  0  1  1  1  0  0  0  0x38
589	0  0  0  1  0  0  1  0  0x12
590	1  0  0  1  0  0  1  0  0x92
591	0  1  0  1  1  0  0  1  0x59
592	0  1  1  1  1  0  1  0  0x7A
593	0  1  0  1  1  0  0  0  0x58
594	0  0  0  0  0  0  1  0  0x02
595	0  0  1  1  0  1  1  1  0x37
596	0  0  0  1  1  0  1  1  0x1B
597	0  0  0  1  1  0  1  0  0x1A
598	0  1  0  0  0  0  0  1  0x41
599	0  0  1  0  0  0  1  1  0x23
600	0  1  0  0  0  1  0  0  0x44
601	1  0  1  1  1  0  1  1  0xBB
602	0  1  1  1  1  0  1  0  0x7A
603	0  1  1  1  1  0  1  1  0x7B
604	1  1  1  1  0  1  1  1  0xF7
605	0  0  0  1  0  1  1  1  0x17
606	1  0  1  0  0  1  0  1  0xA5
607	0  0  0  0  1  0  0  0  0x08
608	0  1  0  0  1  0  1  1  0x4B
609	1  1  1  1  0  0  1  1  0xF3
610	1  1  1  0  0  1  1  1  0xE7
611	0  0  0  0  0  0  1  0  0x02
612	1  1  1  0  1  0  0  0  0xE8
613	1  0  1  0  0  0  1  1  0xA3
614	0  0  1  0  1  0  1  0  0x2A
615	0  1  1  0  0  1  1  1  0x67
616	1  1  0  0  0  0  1  0  0xC2
617	1  1  1  1  1  1  0  1  0xFD
618	1  1  1  1  1  1  0  1  0xFD
619	0  1  1  1  1  1  1  0  0x7E
620	0  0  0  1  1  0  1  0  0x1A
621	0  1  1  1  1  1  1  0  0x7E
622	1  0  1  0  1  1  0  1  0xAD
623	1  0  1  0  0  1  1  0  0xA6
624	1  0  1  1  0  0  1  0  0xB2
625	1  0  1  1  1  0  1  1  0xBB
626	1  0  1  0  0  1  0  1  0xA5
627	0  1  1  0  0  1  0  0  0x64
628	0  1  0  0  1  1  1  1  0x4F
629	0  0  0  0  1  0  1  1  0x0B
630	0  0  0  0  0  0  1  1  0x03
631	1  0  1  0  1  1  0  0  0xAC
632	0  1  1  1  0  1  0  1  0x75
633	0  1  1  1  0  0  1  1  0x73
634	0  1  1  1  1  1  0  0  0x7C
635	0  1  1  1  0  0  0  0  0x70
636	0  1  0  1  1  1  1  0  0x5E
637	1  1  0  1  0  0  1  0  0xD2
638	0  1  1  1  0  0  1  0  0x72
639	0  1  1  0  0  1  1  1  0x67
640	0  0  1  1  1  1  0  0  0x3C
641	0  1  0  0  1  1  1  0  0x4E
642	0  1  0  1  0  1  0  0  0x54
643	0  0  0  1  1  1  1  1  0x1F
644	1  0  1  1  0  0  0  1  0xB1
645	1  1  1  1  1  1  1  0  0xFE
646	0  0  1  1  0  1  0  1  0x35
647	0  1  0  0  0  1  1  0  0x46
648	1  0  0  0  1  0  1  1  0x8B
649	1  1  0  1  1  0  0  0  0xD8
650	1  0  1  1  0  0  0  0  0xB0
651	0  0  1  1  0  1  0  1  0x35
652	1  1  0  0  0  1  0  0  0xC4
653	1  1  0  1  1  1  1  0  0xDE
654	1  1  1  1  1  0  1  1  0xFB
655	1  0  1  1  1  1  1  0  0xBE
656	1  0  1  1  1  0  1  0  0xBA
657	1  0  0  0  0  1  0  1  0x85
658	0  1  0  0  1  0  0  1  0x49
659	0  0  1  1  0  1  1  1  0x37
660	1  0  1  0  1  0  1  1  0xAB
661	0  1  1  0  0  1  1  0  0x66
662	0  1  1  0  0  1  1  0  0x66
663	1  1  0  0  0  1  1  1  0xC7
664	0  1  1  1  0  1  0  0  0x74
665	0  0  1  0  1  0  0  0  0x28
666	1  0  0  0  1  1  1  0  0x8E
667	1  1  1  1  0  0  0  0  0xF0
668	1  0  0  0  1  0  1  0  0x8A
669	1  0  1  0  1  1  0  0  0xAC
670	1  0  0  0  1  1  1  0  0x8E
671	0  1  0  1  1  1  0  1  0x5D
672	0  0  1  1  1  0  0  1  0x39
673	0  1  1  1  1  0  1  1  0x7B
674	0  0  0  1  1  1  1  0  0x1E
675	1  1  1  0  1  1  1  0  0xEE
676	0  0  0  1  1  1  0  0  0x1C
677	0  1  1  0  1  1  0  1  0x6D
678	0  1  1  1  1  1  0  1  0x7D
679	0  0  0  0  0  0  0  1  0x01
680	1  1  0  1  1  1  1  0  0xDE
681	1  0  0  1  1  1  0  0  0x9C
682	0  1  0  0  1  1  1  0  0x4E
683	0  0  0  0  0  1  0  0  0x04
684	0  0  1  0  1  1  1  1  0x2F
685	1  0  0  0  1  0  0  0  0x88
686	1  0  1  1  0  0  1  0  0xB2
687	0  0  1  1  1  0  0  0  0x38
688	0  0  0  0  1  0  0  1  0x09
689	1  0  0  0  1  1  0  0  0x8C
690	1  0  1  0  0  1  1  1  0xA7
691	1  1  0  0  0  1  1  1  0xC7
692	0  0  1  0  0  1  0  1  0x25
693	1  0  0  0  0  0  0  1  0x81
694	1  0  1  0  0  0  0  1  0xA1
695	0  0  0  0  1  0  0  1  0x09
696	1  0  1  1  1  0  0  0  0xB8
697	1  0  1  1  0  0  0  0  0xB0
698	0  1  1  0  0  1  1  1  0x67
699	0  0  0  1  0  0  1  1  0x13
700	0  1  1  1  0  0  1  1  0x73
701	1  1  1  1  1  1  0  1  0xFD
702	0  0  1  1  0  0  0  0  0x30
703	1  0  0  0  0  0  1  0  0x82
704	1  0  1  1  1  0  1  0  0xBA
705	0  1  0  1  0  0  1  0  0x52
706	1  1  1  1  1  1  0  1  0xFD
707	1  0  0  0  0  1  1  0  0x86
708	0  0  1  0  0  0  1  1  0x23
709	0  1  0  0  1  0  1  0  0x4A
710	0  0  1  1  1  0  0  1  0x39
711	0  0  1  1  0  0  0  1  0x31
712	0  0  1  1  0  0  1  0  0x32
713	0  0  0  1  1  1  1  1  0x1F
714	1  0  0  1  0  0  0  0  0x90
715	0  0  0  0  0  0  1  0  0x02
716	0  1  0  1  0  0  1  1  0x53
717	1  1  0  1  0  1  1  0  0xD6
718	0  0  0  0  1  1  0  0  0x0C
719	1  0  1  0  1  1  0  1  0xAD
720	0  0  0  1  1  0  0  1  0x19
721	1  0  1  0  1  0  0  1  0xA9
722	0  1  1  1  0  1  1  1  0x77
723	0  0  1  0  1  1  0  1  0x2D
724	1  0  1  1  0  1  1  0  0xB6
725	1  0  1  1  0  1  0  1  0xB5
726	1  1  1  0  1  1  0  0  0xEC
727	0  0  0  0  1  1  0  1  0x0D
728	1  0  1  1  1  0  1  0  0xBA
729	1  1  1  0  0  1  0  1  0xE5
730	1  0  1  1  1  1  1  1  0xBF
731	1  1  1  1  0  0  1  0  0xF2
732	0  0  0  1  0  0  0  0  0x10
733	0  0  0  1  1  1  1  0  0x1E
734	1  0  0  1  0  0  0  0  0x90
735	0  1  1  0  1  1  0  1  0x6D
736	0  0  1  1  0  1  1  0  0x36
737	1  0  1  0  1  0  1  1  0xAB
738	1  0  1  0  1  0  1  0  0xAA
739	0  0  0  0  0  0  0  0  0x00
740	1  0  1  1  1  1  0  0  0xBC
741	1  1  1  0  1  1  0  0  0xEC
742	1  0  1  0  0  0  1  0  0xA2
743	0  1  1  0  1  1  1  0  0x6E
744	0  0  0  0  0  0  0  0  0x00
745	0  0  1  1  1  0  1  1  0x3B
746	0  0  1  0  1  1  0  0  0x2C
747	0  1  0  0  1  0  0  0  0x48
748	0  0  1  0  1  0  0  0  0x28
749	0  0  0  1  1  1  1  1  0x1F
750	0  1  0  0  0  0  0  1  0x41
751	1  0  1  1  0  1  0  0  0xB4
752	0  1  1  0  0  0  0  0  0x60
753	1  0  1  1  0  1  0  0  0xB4
754	0  1  1  0  1  1  1  1  0x6F
755	1  0  0  0  0  0  0  1  0x81
756	0  1  0  1  0  1  1  0  0x56
757	0  1  0  1  1  0  1  0  0x5A
758	1  0  0  0  0  0  0  0  0x80
759	0  1  1  0  1  0  0  1  0x69
760	1  1  1  1  0  0  1  0  0xF2
761	1  0  0  1  1  1  0  1  0x9D
762	0  1  0  0  1  1  1  1  0x4F
763	1  0  1  0  0  1  0  1  0xA5
764	0  1  0  1  1  0  1  0  0x5A
765	0  1  1  0  0  1  0  1  0x65
766	1  1  1  0  0  1  1  0  0xE6
767	1  0  1  1  0  1  1  1  0xB7
768	0  0  1  0  0  1  1  0  0x26
769	0  1  0  1  1  1  1  1  0x5F
770	1  1  0  1  1  1  0  0  0xDC
771	0  1  1  1  0  0  1  1  0x73
772	1  1  1  0  0  0  0  1  0xE1
773	1  0  1  0  1  0  1  1  0xAB
774	1  1  1  0  1  1  1  0  0xEE
775	0  1  0  0  1  1  1  1  0x4F
776	1  1  0  0  0  0  0  0  0xC0
777	1  1  0  0  0  1  1  0  0xC6
778	1  1  0  1  1  1  0  1  0xDD
779	1  1  1  0  1  1  0  1  0xED
780	1  0  1  0  0  1  1  0  0xA6
781	1  0  1  1  1  0  1  1  0xBB
782	1  0  0  0  0  1  1  1  0x87
783	1  1  1  0  0  1  1  1  0xE7
784	0  1  0  1  1  0  0  0  0x58
785	1  0  0  0  0  1  1  0  0x86
786	0  1  0  0  1  0  0  1  0x49
787	1  1  0  1  1  0  1  0  0xDA
788	1  1  1  1  1  1  0  0  0xFC
789	1  1  0  0  1  0  0  0  0xC8
790	1  0  0  1  0  1  0  0  0x94
791	1  0  1  1  0  1  0  1  0xB5
792	1  1  0  1  1  0  0  0  0xD8
793	1  0  1  1  0  0  1  0  0xB2
794	1  1  0  0  1  1  0  1  0xCD
795	0  1  0  0  0  0  1  1  0x43
796	0  1  0  0  1  0  0  1  0x49
797	0  0  1  0  1  0  1  1  0x2B
798	0  1  1  0  1  0  1  1  0x6B
799	1  1  1  1  0  1  1  1  0xF7
800	0  0  0  0  0  0  1  1  0x03
801	0  1  0  0  0  1  0  0  0x44
802	0  1  0  0  1  1  0  0  0x4C
803	1  1  1  1  1  0  0  0  0xF8
804	1  0  0  0  1  0  0  0  0x88
805	1  1  0  1  1  1  1  0  0xDE
806	0  1  0  1  0  1  1  1  0x57
807	0  1  1  0  1  1  0  1  0x6D
808	1  1  1  0  1  0  1  0  0xEA
809	1  0  0  1  1  0  1  0  0x9A
810	0  1  0  1  1  0  0  0  0x58
811	0  0  0  0  1  0  1  0  0x0A
812	1  1  0  0  0  1  0  0  0xC4
813	0  0  0  0  0  0  1  0  0x02
814	0  0  0  1  1  0  0  0  0x18
815	1  1  0  1  1  0  1  1  0xDB
816	0  1  1  1  0  1  1  1  0x77
817	1  1  1  1  0  1  0  1  0xF5
818	1  0  1  1  1  1  0  0  0xBC
819	0  1  0  1  0  0  0  0  0x50
820	1  0  1  0  0  0  1  0  0xA2
821	0  1  0  1  1  0  0  0  0x58
822	0  1  1  0  0  0  0  0  0x60
823	1  0  0  0  1  0  1  0  0x8A
824	1  1  1  0  0  1  0  0  0xE4
825	1  1  1  1  1  0  1  1  0xFB
826	1  1  1  1  0  1  0  0  0xF4
827	1  1  1  0  0  1  0  1  0xE5
828	1  1  0  1  0  1  0  1  0xD5
829	1  1  0  0  1  0  0  1  0xC9
830	0  1  0  1  0  1  1  0  0x56
831	1  1  0  0  0  1  1  0  0xC6
832	0  1  0  0  0  0  1  0  0x42
833	0  0  1  1  0  1  0  0  0x34
834	1  0  1  1  0  0  0  0  0xB0
835	1  0  1  0  0  1  1  0  0xA6
836	1  0  1  0  1  0  0  1  0xA9
837	1  1  0  1  1  1  1  1  0xDF
838	0  0  0  1  0  1  0  1  0x15
839	0  1  0  1  1  1  1  1  0x5F
840	1  1  1  1  0  1  1  0  0xF6
841	1  0  0  0  1  1  1  0  0x8E
842	0  1  0  1  0  1  1  1  0x57
843	1  0  1  1  0  1  1  1  0xB7
844	0  1  1  1  1  1  0  0  0x7C
845	0  1  0  0  1  0  1  1  0x4B
846	0  0  1  0  1  0  1  1  0x2B
847	0  0  1  0  1  0  1  0  0x2A
848	0  0  1  1  0  1  0  1  0x35
849	1  1  0  1  1  0  1  1  0xDB
850	1  0  0  0  0  0  0  0  0x80
851	1  1  1  1  1  1  0  0  0xFC
852	0  0  1  1  1  1  1  0  0x3E
853	0  1  1  0  0  0  0  0  0x60
854	0  0  0  1  1  1  0  0  0x1C
855	1  0  0  0  0  0  0  0  0x80
856	1  0  0  0  1  1  1  0  0x8E
857	0  1  0  0  1  1  1  1  0x4F
858	0  1  1  1  1  0  0  1  0x79
859	1  0  1  0  0  0  1  0  0xA2
860	1  1  1  1  0  1  1  0  0xF6
861	1  0  0  1  0  1  0  1  0x95
862	1  1  0  1  1  1  1  1  0xDF
863	1  0  1  1  1  0  1  1  0xBB
864	0  1  0  1  1  1  1  0  0x5E
865	0  0  0  0  0  1  0  1  0x05
866	1  1  0  0  0  0  1  0  0xC2
867	1  0  0  1  0  1  1  0  0x96
868	0  0  1  1  1  1  1  0  0x3E
869	0  0  0  0  0  1  0  1  0x05
870	0  1  0  1  1  1  1  0  0x5E
871	1  0  1  1  1  1  1  0  0xBE
872	0  1  0  1  1  0  1  1  0x5B
873	0  1  1  1  1  0  1  0  0x7A
874	1  0  0  1  0  0  0  1  0x91
875	0  0  0  0  1  0  1  1  0x0B
876	1  1  0  0  0  1  0  0  0xC4
877	1  1  1  1  0  0  0  0  0xF0
878	1  1  1  1  1  0  0  1  0xF9
879	0  1  1  0  1  1  0  0  0x6C
880	0  0  0  0  1  1  0  0  0x0C
881	0  0  0  0  1  1  1  0  0x0E
882	0  1  0  0  1  1  1  0  0x4E
883	1  1  1  1  0  1  1  0  0xF6
884	1  1  0  0  1  0  0  1  0xC9
885	0  0  1  1  1  0  1  0  0x3A
886	0  0  0  0  0  0  0  1  0x01
887	0  0  1  0  1  1  1  0  0x2E
888	0  1  0  0  1  1  0  1  0x4D
889	1  0  0  0  1  0  0  0  0x88
890	0  0  0  1  0  1  1  0  0x16
891	1  0  0  1  0  0  1  1  0x93
892	1  0  1  0  0  1  0  0  0xA4
893	1  1  1  0  1  0  0  1  0xE9
894	0  0  1  1  1  1  1  1  0x3F
895	0  1  1  0  1  1  1  1  0x6F
896	1  1  0  0  1  1  1  0  0xCE
897	1  0  0  1  0  0  0  1  0x91
898	0  0  1  1  1  0  1  0  0x3A
899	1  1  1  0  0  0  0  0  0xE0
900	0  0  1  1  1  1  0  1  0x3D
901	1  0  1  0  1  0  0  0  0xA8
902	0  1  1  0  1  1  0  0  0x6C
903	0  0  1  0  0  0  0  1  0x21
904	1  0  0  1  0  0  1  0  0x92
905	0  0  1  1  0  1  1  0  0x36
906	1  0  1  1  1  1  1  1  0xBF
907	0  0  0  1  1  1  1  0  0x1E
908	1  0  0  1  0  1  0  1  0x95
909	0  1  0  0  1  0  0  0  0x48
910	1  0  1  1  1  0  0  1  0xB9
911	0  0  1  1  1  0  0  0  0x38
912	0  1  1  1  0  0  1  0  0x72
913	0  1  1  0  1  0  0  0  0x68
914	1  1  0  1  1  1  0  1  0xDD
915	0  1  0  1  0  1  0  1  0x55
916	0  0  1  1  1  0  1  1  0x3B
917	0  0  1  1  1  1  0  0  0x3C
918	0  1  0  0  0  1  1  0  0x46
919	0  0  1  0  1  1  0  0  0x2C
920	1  0  0  1  1  0  1  0  0x9A
921	0  1  1  1  1  1  0  1  0x7D
922	1  0  0  0  0  0  1  0  0x82
923	1  1  0  1  0  0  0  0  0xD0
924	1  1  0  1  0  1  1  0  0xD6
925	0  0  0  1  1  0  1  1  0x1B
926	1  0  1  0  1  1  0  1  0xAD
927	0  1  1  1  1  0  1  0  0x7A
928	0  0  0  0  1  0  0  1  0x09
929	1  0  1  0  1  1  1  0  0xAE
930	1  1  0  0  1  1  1  1  0xCF
931	1  0  0  1  1  0  1  1  0x9B
932	1  0  1  0  0  0  0  0  0xA0
933	0  0  1  0  0  0  0  0  0x20
934	0  1  1  1  0  1  1  1  0x77
935	0  0  1  0  0  0  0  1  0x21
936	0  0  0  1  0  0  1  1  0x13
937	1  0  0  1  1  0  0  1  0x99
938	1  0  0  1  0  1  1  1  0x97
939	0  0  0  0  1  0  1  0  0x0A
940	1  1  1  0  0  1  1  0  0xE6
941	1  0  1  0  1  1  0  0  0xAC
942	1  0  1  0  0  0  1  1  0xA3
943	0  0  1  0  0  1  1  1  0x27
944	1  1  1  0  0  0  0  1  0xE1
945	1  0  1  1  1  1  1  1  0xBF
946	1  1  1  0  0  1  0  1  0xE5
947	0  0  1  1  0  0  1  0  0x32
948	1  0  0  0  1  0  1  1  0x8B
949	1  1  0  0  0  0  0  0  0xC0
950	0  0  1  0  0  1  0  0  0x24
951	0  0  0  1  0  1  0  0  0x14
952	1  1  1  0  1  1  0  1  0xED
953	0  0  0  0  0  1  1  0  0x06
954	0  1  1  1  0  1  1  0  0x76
955	0  1  1  1  0  0  0  0  0x70
956	1  0  0  0  0  1  0  1  0x85
957	1  0  0  0  0  1  0  1  0x85
958	0  1  1  0  0  0  0  1  0x61
959	0  1  1  1  0  0  1  1  0x73
960	1  0  0  0  1  0  0  0  0x88
961	0  0  1  1  0  1  1  0  0x36
962	0  0  1  1  1  0  0  1  0x39
963	1  1  0  1  1  1  1  1  0xDF
964	0  1  0  1  1  1  0  1  0x5D
965	1  1  0  0  0  1  1  0  0xC6
966	1  0  1  1  0  1  0  1  0xB5
967	0  1  0  1  0  1  1  0  0x56
968	0  1  0  1  0  1  1  0  0x56
969	0  1  1  1  1  1  0  1  0x7D
970	1  1  0  1  0  0  1  1  0xD3
971	1  1  1  0  0  1  0  0  0xE4
972	1  0  1  1  0  0  0  1  0xB1
973	0  1  1  1  0  0  1  0  0x72
974	1  1  1  0  1  1  1  1  0xEF
975	1  1  0  1  0  0  0  1  0xD1
976	1  1  0  0  1  1  1  1  0xCF
977	1  1  1  0  1  1  0  1  0xED
978	0  0  0  1  1  1  1  1  0x1F
979	1  0  1  0  0  1  0  1  0xA5
980	1  0  1  1  0  0  1  1  0xB3
981	0  0  0  1  1  1  0  1  0x1D
982	1  1  0  1  0  0  1  0  0xD2
983	0  1  1  1  1  0  1  1  0x7B
984	1  0  1  1  1  1  1  0  0xBE
985	1  1  1  1  1  0  1  1  0xFB
986	1  0  1  0  1  0  0  0  0xA8
987	1  0  0  0  1  0  1  1  0x8B
988	1  0  1  0  1  0  0  1  0xA9
989	0  1  1  1  1  1  1  0  0x7E
990	1  0  0  1  0  1  0  0  0x94
991	1  1  1  1  0  0  1  1  0xF3
992	1  1  0  0  0  0  1  1  0xC3
993	0  0  0  0  0  0  0  0  0x00
994	0  0  1  1  0  0  0  0  0x30
995	1  1  0  0  0  1  1  0  0xC6
996	0  1  1  0  1  1  0  1  0x6D
997	1  1  1  1  0  0  0  0  0xF0
998	0  1  1  0  0  0  0  0  0x60
999	0  1  0  1  0  1  1  1  0x57
1000	1  1  0  1  0  0  1  1  0xD3
1001	1  0  1  1  1  0  0  1  0xB9
1002	0  0  1  0  1  0  1  1  0x2B
1003	1  1  0  0  0  1  1  1  0xC7
1004	1  1  1  0  1  1  0  0  0xEC
1005	1  1  1  1  0  0  1  1  0xF3
1006	1  1  0  1  0  1  1  0  0xD6
1007	1  1  0  0  1  1  0  1  0xCD
1008	1  0  1  1  0  1  0  1  0xB5
1009	1  1  0  0  1  0  0  1  0xC9
1010	0  1  0  0  0  0  1  0  0x42
1011	1  1  0  0  0  1  0  1  0xC5
1012	1  0  1  0  1  0  0  1  0xA9
1013	1  0  1  0  1  0  1  0  0xAA
1014	1  0  0  0  1  0  0  0  0x88
1015	1  1  1  1  1  1  0  0  0xFC
1016	1  0  0  0  0  1  0  0  0x84
1017	0  0  1  1  0  1  0  0  0x34
1018	1  1  0  1  0  0  1  0  0xD2
1019	0  0  1  1  1  0  1  0  0x3A
1020	0  0  1  1  1  0  1  0  0x3A
1021	0  1  0  1  1  1  0  1  0x5D
1022	0  1  1  1  1  1  0  1  0x7D
1023	1  0  0  1  0  0  0  1  0x91
1024	0  0  1  1  0  0  1  0  0x32
1025	1  1  1  0  0  1  0  0  0xE4
1026	0  1  1  0  1  1  0  1  0x6D
1027	0  1  1  0  0  1  0  1  0x65
1028	1  1  0  0  0  1  1  1  0xC7
1029	1  1  1  1  0  1  1  1  0xF7
1030	1  0  1  0  1  1  1  1  0xAF
1031	1  0  1  1  1  1  0  1  0xBD
1032	0  0  0  0  0  0  0  1  0x01
1033	0  0  1  0  0  1  1  0  0x26
1034	0  1  0  1  0  1  1  0  0x56
1035	1  1  0  0  1  0  0  1  0xC9
1036	1  0  0  1  0  0  0  0  0x90
1037	1  0  0  0  0  1  1  1  0x87
1038	1  0  0  0  1  1  1  1  0x8F
1039	1  0  1  1  0  0  1  1  0xB3
1040	0  0  0  0  1  0  1  0  0x0A
1041	0  0  1  0  1  0  1  1  0x2B
1042	0  0  0  0  0  1  1  0  0x06
1043	1  0  1  0  1  0  1  0  0xAA
1044	0  1  1  0  0  1  1  0  0x66
1045	1  1  0  0  0  0  0  1  0xC1
1046	0  1  1  1  1  1  1  0  0x7E
1047	0  0  1  0  1  1  0  1  0x2D
1048	1  0  1  1  1  0  0  1  0xB9
1049	1  0  0  0  1  0  0  1  0x89
1050	1  0  1  0  1  1  0  0  0xAC
1051	1  0  0  1  0  1  0  1  0x95
1052	0  0  1  0  1  1  1  1  0x2F
1053	0  1  1  1  1  1  0  0  0x7C
1054	0  1  0  1  0  1  0  0  0x54
1055	1  1  1  0  0  1  1  0  0xE6
1056	0  1  0  0  1  1  0  1  0x4D
1057	1  0  1  1  1  0  1  0  0xBA
1058	1  0  1  0  0  1  1  0  0xA6
1059	1  1  0  1  0  1  1  1  0xD7
1060	0  1  1  0  0  1  0  1  0x65
1061	0  0  1  1  0  0  1  1  0x33
1062	1  1  0  1  1  0  1  1  0xDB
1063	0  0  0  1  1  1  1  1  0x1F
1064	0  1  0  1  1  0  1  0  0x5A
1065	1  0  0  1  1  0  1  0  0x9A
1066	0  0  0  0  1  1  0  0  0x0C
1067	0  0  0  0  0  0  1  0  0x02
1068	1  0  0  1  0  1  0  1  0x95
1069	1  0  0  0  0  1  1  1  0x87
1070	0  1  0  1  0  0  1  0  0x52
1071	0  0  0  1  1  1  0  0  0x1C
1072	0  1  0  0  1  0  0  0  0x48
1073	1  1  1  0  1  0  1  1  0xEB
1074	0  0  1  0  0  1  0  0  0x24
1075	0  1  1  0  1  1  0  1  0x6D
1076	1  1  1  0  0  0  1  0  0xE2
1077	1  0  1  1  1  0  0  1  0xB9
1078	1  1  1  0  1  1  0  1  0xED
1079	1  0  1  0  0  1  1  0  0xA6
1080	1  1  0  1  0  0  1  1  0xD3
1081	1  1  0  1  0  0  1  0  0xD2
1082	1  1  1  0  1  1  0  0  0xEC
1083	1  0  1  1  0  0  1  1  0xB3
1084	1  0  0  0  0  0  1  0  0x82
1085	0  0  1  1  0  0  1  0  0x32
1086	0  1  0  1  0  0  0  1  0x51
1087	1  0  0  0  1  0  0  1  0x89
1088	1  0  0  0  1  0  1  1  0x8B
1089	0  1  0  1  1  0  1  0  0x5A
1090	1  0  0  1  0  1  1  0  0x96
1091	0  0  1  1  0  0  1  0  0x32
1092	0  0  1  1  1  1  0  1  0x3D
1093	1  1  1  1  1  1  0  1  0xFD
1094	0  0  0  1  1  0  1  1  0x1B
1095	0  0  0  1  0  1  1  0  0x16
1096	0  1  0  1  0  1  0  0  0x54
1097	1  1  1  0  1  1  1  0  0xEE
1098	0  0  0  0  0  1  0  1  0x05
1099	1  0  0  0  1  0  1  1  0x8B
1100	1  1  1  1  0  0  1  1  0xF3
1101	0  1  0  0  1  0  0  1  0x49
1102	0  1  0  1  1  0  0  0  0x58
1103	1  0  1  0  0  0  0  0  0xA0
1104	1  1  1  0  0  1  0  1  0xE5
1105	1  1  1  0  0  0  0  1  0xE1
1106	0  1  0  1  0  0  1  1  0x53
1107	0  0  1  0  0  1  1  0  0x26
1108	0  0  0  1  0  1  0  1  0x15
1109	1  1  1  0  1  0  1  0  0xEA
1110	0  0  0  0  1  1  0  0  0x0C
1111	0  0  0  0  0  0  0  0  0x00
1112	0  1  0  0  1  0  1  1  0x4B
1113	1  1  1  0  1  0  0  0  0xE8
1114	0  1  0  0  1  1  0  0  0x4C
1115	1  0  1  0  1  1  0  1  0xAD
1116	0  0  1  0  1  0  0  1  0x29
1117	1  1  0  1  0  1  1  1  0xD7
1118	1  0  1  0  1  1  0  1  0xAD
1119	0  0  0  1  0  0  1  1  0x13
1120	0  1  1  0  0  1  0  1  0x65
1121	1  0  0  1  1  1  0  0  0x9C
1122	1  1  1  1  0  0  1  0  0xF2
1123	1  0  0  0  1  1  1  0  0x8E
1124	0  1  0  0  1  0  0  0  0x48
1125	1  0  1  0  1  0  1  1  0xAB
1126	1  0  1  0  0  1  1  1  0xA7
1127	0  0  1  1  1  0  0  1  0x39
1128	0  1  1  0  1  0  0  0  0x68
1129	1  1  1  1  1  0  1  0  0xFA
1130	1  1  1  1  1  0  1  0  0xFA
1131	0  1  1  1  1  1  0  0  0x7C
1132	1  0  1  0  0  0  1  0  0xA2
1133	0  0  1  0  0  1  1  1  0x27
1134	1  1  0  1  1  0  0  0  0xD8
1135	1  1  0  1  0  1  1  0  0xD6
1136	0  1  0  1  1  0  1  0  0x5A
1137	1  1  1  0  0  1  0  1  0xE5
1138	0  1  0  0  1  0  1  1  0x4B
1139	1  1  1  0  1  1  0  0  0xEC
1140	1  1  1  1  0  1  1  0  0xF6
1141	1  0  1  0  1  1  0  0  0xAC
1142	0  0  0  1  0  0  1  1  0x13
1143	1  1  0  1  0  0  1  1  0xD3
1144	1  0  0  1  1  0  0  1  0x99
1145	1  0  1  0  0  0  0  1  0xA1
1146	1  0  0  0  0  1  0  0  0x84
1147	1  0  0  1  1  0  1  0  0x9A
1148	0  0  0  1  1  1  0  1  0x1D
1149	1  1  0  0  0  0  1  1  0xC3
1150	1  0  0  1  1  1  1  1  0x9F
1151	0  0  0  1  1  1  0  0  0x1C
1152	0  1  0  1  0  0  1  1  0x53
1153	0  1  0  1  1  0  0  0  0x58
1154	0  1  1  1  0  1  0  0  0x74
1155	0  0  0  0  0  1  0  0  0x04
1156	0  1  1  1  1  1  1  0  0x7E
1157	1  0  0  1  0  1  1  1  0x97
1158	1  0  1  1  0  1  1  1  0xB7
1159	0  0  1  0  0  0  0  1  0x21
1160	0  0  0  0  1  1  0  1  0x0D
1161	1  0  0  1  0  1  1  1  0x97
1162	1  0  1  0  0  0  1  0  0xA2
1163	1  1  1  0  1  1  0  0  0xEC
1164	1  0  0  1  1  0  0  1  0x99
1165	0  1  1  1  0  1  1  1  0x77
1166	0  0  0  0  1  0  1  0  0x0A
1167	0  1  0  1  0  1  1  1  0x57
1168	0  0  0  1  1  1  1  1  0x1F
1169	1  1  0  0  1  1  1  1  0xCF
1170	1  1  0  0  0  1  0  1  0xC5
1171	1  1  0  1  1  0  0  0  0xD8
1172	0  1  1  1  1  1  1  1  0x7F
1173	0  1  0  1  0  1  1  1  0x57
1174	0  0  1  1  1  0  1  1  0x3B
1175	1  0  1  1  0  1  1  0  0xB6
1176	0  0  1  1  0  1  0  0  0x34
1177	1  1  0  1  0  1  1  0  0xD6
1178	0  1  0  0  1  0  1  0  0x4A
1179	1  0  0  1  0  0  1  1  0x93
1180	0  1  0  1  0  1  1  0  0x56
1181	0  1  0  0  1  1  1  0  0x4E
1182	0  1  1  0  0  0  0  0  0x60
1183	0  0  1  1  1  0  1  1  0x3B
1184	1  1  0  0  1  1  0  1  0xCD
1185	0  1  1  0  0  1  1  0  0x66
1186	1  1  0  1  0  0  1  1  0xD3
1187	1  0  1  0  1  1  0  0  0xAC
1188	1  1  0  1  0  1  1  1  0xD7
1189	0  0  0  1  0  1  1  1  0x17
1190	1  0  0  0  0  1  0  0  0x84
1191	0  1  1  0  0  1  0  1  0x65
1192	1  0  1  1  1  1  0  1  0xBD
1193	1  0  0  1  1  0  1  1  0x9B
1194	1  0  1  1  0  1  0  1  0xB5
1195	1  1  1  1  0  1  0  0  0xF4
1196	1  1  0  1  0  0  0  1  0xD1
1197	1  0  0  1  0  0  1  1  0x93
1198	0  0  1  0  0  1  1  1  0x27
1199	1  0  1  1  1  0  1  0  0xBA
1200	1  0  1  0  1  1  0  0  0xAC
1201	0  1  1  1  0  1  1  1  0x77
1202	0  1  1  1  0  1  1  1  0x77
1203	0  0  0  0  0  0  0  1  0x01
1204	1  0  1  0  0  1  1  0  0xA6
1205	0  1  0  0  0  0  1  1  0x43
1206	1  0  1  1  1  0  1  1  0xBB
1207	0  1  0  0  0  0  1  0  0x42
1208	1  0  0  1  0  1  1  0  0x96
1209	0  1  1  0  0  0  0  0  0x60
1210	0  1  0  1  1  0  0  0  0x58
1211	1  0  1  1  0  0  0  0  0xB0
1212	1  1  0  0  1  0  1  1  0xCB
1213	1  1  0  1  0  0  0  0  0xD0
1214	0  0  1  0  0  1  1  1  0x27
1215	0  0  0  0  1  0  0  0  0x08
1216	0  1  0  0  1  0  1  1  0x4B
1217	1  0  0  1  1  1  1  0  0x9E
1218	1  1  0  0  1  0  0  0  0xC8
1219	1  0  0  1  1  1  0  1  0x9D
1220	0  1  0  0  1  0  1  1  0x4B
1221	1  0  0  0  0  1  0  1  0x85
1222	0  1  0  0  0  1  0  1  0x45
1223	1  0  0  1  1  1  1  0  0x9E
1224	1  1  1  0  1  1  1  0  0xEE
1225	1  1  0  1  1  1  1  1  0xDF
1226	1  1  1  0  1  0  1  1  0xEB
1227	1  0  1  0  1  0  1  1  0xAB
1228	0  1  0  0  0  0  1  0  0x42
1229	1  1  0  1  0  0  0  1  0xD1
1230	0  1  1  0  0  1  1  0  0x66
1231	1  0  0  1  1  0  0  0  0x98
1232	0  1  1  1  1  0  0  0  0x78
1233	1  0  1  1  0  1  0  1  0xB5
1234	0  0  0  1  1  1  0  0  0x1C
1235	1  0  0  0  0  0  0  0  0x80
1236	0  1  1  0  0  1  0  0  0x64
1237	1  1  0  0  1  0  0  0  0xC8
1238	1  1  0  0  1  0  1  1  0xCB
1239	0  0  0  0  1  1  1  0  0x0E
1240	0  0  1  1  0  1  0  1  0x35
1241	0  0  0  1  0  1  0  1  0x15
1242	0  1  1  0  0  1  0  1  0x65
1243	0  0  0  0  1  0  0  0  0x08
1244	0  1  1  1  0  1  1  0  0x76
1245	1  0  1  0  0  0  0  1  0xA1
1246	0  0  1  0  1  1  0  0  0x2C
1247	0  0  0  1  1  1  0  1  0x1D
1248	0  1  0  0  0  1  0  0  0x44
1249	1  1  0  1  1  0  0  0  0xD8
1250	0  0  0  0  1  0  1  0  0x0A
1251	1  1  1  0  1  1  1  1  0xEF
1252	1  1  0  1  0  0  0  1  0xD1
1253	0  0  1  1  1  0  0  0  0x38
1254	0  0  1  1  0  0  1  1  0x33
1255	0  1  1  0  0  1  0  0  0x64
1256	0  0  0  1  1  0  0  1  0x19
1257	0  0  1  1  1  1  0  0  0x3C
1258	1  1  1  1  1  1  0  1  0xFD
1259	0  0  1  0  1  0  1  0  0x2A
1260	1  1  1  0  0  1  0  0  0xE4
1261	1  0  0  0  1  0  1  1  0x8B
1262	1  1  1  1  1  1  1  1  0xFF
1263	1  0  0  0  1  0  0  1  0x89
1264	1  1  1  1  1  1  0  1  0xFD
1265	0  1  1  0  0  0  1  0  0x62
1266	0  1  1  0  1  0  0  1  0x69
1267	0  1  1  0  1  1  0  1  0x6D
1268	1  0  1  1  0  0  0  1  0xB1
1269	0  0  1  1  1  1  1  1  0x3F
1270	1  0  1  0  0  1  0  0  0xA4
1271	1  0  1  1  0  0  1  1  0xB3
1272	1  0  0  0  1  0  1  0  0x8A
1273	1  1  0  0  1  1  1  1  0xCF
1274	0  0  1  0  1  0  1  0  0x2A
1275	1  0  1  1  0  0  1  1  0xB3
1276	0  1  0  0  1  1  0  1  0x4D
1277	0  0  0  1  1  0  1  0  0x1A
1278	1  0  1  0  0  1  1  1  0xA7
1279	0  0  0  0  1  1  1  1  0x0F
1280	0  0  1  1  0  0  0  1  0x31
1281	1  1  1  0  1  1  0  1  0xED
1282	0  1  0  1  0  0  0  1  0x51
1283	1  0  1  1  1  1  0  0  0xBC
1284	0  1  1  0  0  0  1  0  0x62
1285	1  0  0  0  1  0  0  0  0x88
1286	1  0  0  0  0  1  0  0  0x84
1287	0  1  0  0  1  1  1  0  0x4E
1288	1  0  1  1  0  1  1  0  0xB6
1289	1  0  0  0  1  0  0  1  0x89
1290	1  0  1  0  0  0  1  1  0xA3
1291	1  0  0  0  1  0  0  0  0x88
1292	1  0  1  0  1  1  1  1  0xAF
1293	0  0  0  1  1  0  0  0  0x18
1294	0  0  1  0  1  0  1  1  0x2B
1295	0  0  1  0  0  1  0  0  0x24
1296	1  0  1  1  0  0  0  1  0xB1
1297	0  1  0  1  0  1  0  0  0x54
1298	0  0  0  1  1  0  0  0  0x18
1299	1  1  0  1  1  1  1  1  0xDF
1300	1  0  0  0  0  1  0  0  0x84
1301	1  1  1  1  1  1  1  0  0xFE
1302	0  1  1  1  1  1  0  0  0x7C
1303	1  1  0  0  1  0  0  0  0xC8
1304	0  0  0  0  1  1  0  1  0x0D
1305	0  1  1  0  0  1  0  0  0x64
1306	0  1  0  1  1  1  1  0  0x5E
1307	1  1  0  0  1  0  1  1  0xCB
1308	0  1  0  0  1  0  0  1  0x49
1309	1  0  0  1  0  0  0  1  0x91
1310	1  1  0  1  0  0  0  1  0xD1
1311	0  1  1  1  1  0  0  1  0x79
1312	1  0  0  0  1  0  1  1  0x8B
1313	1  0  1  1  0  0  1  1  0xB3
1314	0  1  0  1  0  1  0  1  0x55
1315	0  0  0  1  1  0  1  0  0x1A
1316	1  1  1  1  0  1  1  0  0xF6
1317	1  1  0  0  1  1  0  0  0xCC
1318	0  1  1  1  0  0  1  1  0x73
1319	1  1  1  1  0  1  0  1  0xF5
1320	0  0  1  1  1  1  0  1  0x3D
1321	1  0  0  1  1  1  0  1  0x9D
1322	1  0  0  1  0  0  1  1  0x93
1323	1  1  0  1  1  1  1  0  0xDE
1324	1  0  0  1  1  0  1  0  0x9A
1325	1  1  0  1  0  0  0  0  0xD0
1326	0  0  1  0  0  0  0  1  0x21
1327	0  0  0  0  0  0  0  1  0x01
1328	0  0  0  0  1  1  0  1  0x0D
1329	0  1  1  0  0  1  0  1  0x65
1330	1  1  1  0  0  0  0  0  0xE0
1331	1  1  1  0  1  1  1  1  0xEF
1332	1  1  0  1  0  1  1  1  0xD7
1333	0  1  0  1  1  1  1  0  0x5E
1334	1  0  0  0  1  1  1  0  0x8E
1335	1  1  1  0  0  1  1  0  0xE6
1336	0  0  1  1  0  1  1  0  0x36
1337	1  0  1  0  1  1  1  0  0xAE
1338	1  0  1  1  1  0  0  1  0xB9
1339	0  1  1  0  0  1  0  1  0x65
1340	0  1  1  0  0  0  1  0  0x62
1341	0  1  0  1  1  1  1  1  0x5F
1342	1  1  1  0  0  0  0  1  0xE1
1343	1  1  1  1  0  0  0  0  0xF0
1344	1  1  0  0  0  1  1  1  0xC7
1345	0  0  0  0  0  1  0  0  0x04
1346	1  1  0  0  1  1  1  1  0xCF
1347	0  0  1  0  0  0  0  1  0x21
1348	1  0  0  0  0  1  0  1  0x85
1349	0  1  0  1  1  1  1  0  0x5E
1350	0  0  1  1  0  1  0  1  0x35
1351	1  1  1  1  0  0  0  0  0xF0
1352	0  0  1  0  0  1  1  0  0x26
1353	0  1  0  1  0  0  1  0  0x52
1354	1  0  0  0  0  1  1  1  0x87
1355	0  1  0  0  0  1  0  0  0x44
1356	1  0  0  1  1  1  1  1  0x9F
1357	0  0  0  0  1  0  1  1  0x0B
1358	0  0  0  1  1  0  0  1  0x19
1359	1  0  1  1  1  0  0  1  0xB9
1360	1  0  0  0  1  0  0  1  0x89
1361	0  1  1  0  1  0  1  1  0x6B
1362	0  1  1  1  1  0  0  1  0x79
1363	1  0  1  1  0  1  0  0  0xB4
1364	1  0  1  0  0  0  0  0  0xA0
1365	1  0  1  1  1  0  0  0  0xB8
1366	0  0  0  0  1  1  1  1  0x0F
1367	1  0  1  0  0  1  0  1  0xA5
1368	0  1  1  1  1  1  0  0  0x7C
1369	1  0  0  0  0  1  0  0  0x84
1370	1  1  1  1  0  1  0  0  0xF4
1371	1  0  0  1  1  1  0  0  0x9C
1372	1  0  0  0  1  1  1  1  0x8F
1373	1  1  0  1  1  1  0  1  0xDD
1374	0  0  0  0  1  1  1  1  0x0F
1375	0  0  0  0  1  1  1  1  0x0F
1376	0  1  1  0  0  0  0  0  0x60
1377	1  0  1  1  0  1  1  0  0xB6
1378	0  1  1  1  0  1  1  0  0x76
1379	1  1  1  0  1  0  1  0  0xEA
1380	0  0  0  0  0  1  1  1  0x07
1381	1  0  0  1  0  1  0  1  0x95
1382	0  0  0  0  0  1  0  0  0x04
1383	1  1  0  1  1  0  0  0  0xD8
1384	1  1  1  0  1  0  0  0  0xE8
1385	0  1  1  1  1  1  1  1  0x7F
1386	0  0  1  1  0  1  1  0  0x36
1387	1  1  0  1  0  0  0  1  0xD1
1388	1  0  1  1  0  1  0  0  0xB4
1389	0  0  1  0  0  0  0  1  0x21
1390	0  1  0  0  1  0  1  1  0x4B
1391	1  1  1  0  0  1  0  0  0xE4
1392	1  0  0  1  1  1  0  1  0x9D
1393	0  1  0  0  0  0  0  0  0x40
1394	1  0  0  1  1  1  0  0  0x9C
1395	0  1  0  0  0  1  1  0  0x46
1396	1  1  0  1  1  0  0  0  0xD8
1397	0  1  1  0  0  0  1  0  0x62
1398	0  0  1  1  1  0  0  1  0x39
1399	1  0  0  1  1  1  0  0  0x9C
1400	0  1  0  1  1  0  0  1  0x59
1401	1  0  1  1  1  1  1  0  0xBE
1402	1  1  0  0  0  1  0  1  0xC5
1403	1  0  0  0  0  1  1  0  0x86
1404	1  1  0  0  1  0  1  0  0xCA
1405	0  1  1  0  0  0  0  1  0x61
1406	1  0  0  1  0  1  0  0  0x94
1407	0  1  1  0  1  1  0  0  0x6C
1408	1  1  0  0  1  1  0  1  0xCD
1409	1  0  1  0  0  0  1  1  0xA3
1410	0  0  0  0  0  0  1  0  0x02
1411	1  0  0  0  1  1  0  0  0x8C
1412	0  1  1  1  0  0  1  1  0x73
1413	1  1  0  0  1  0  0  1  0xC9
1414	0  0  0  1  0  1  1  1  0x17
1415	0  1  0  0  0  1  0  0  0x44
1416	1  1  1  1  1  1  0  1  0xFD
1417	1  1  1  1  1  1  0  0  0xFC
1418	0  1  0  1  1  0  0  0  0x58
1419	1  0  0  1  1  1  0  1  0x9D
1420	1  1  0  1  0  0  1  0  0xD2
1421	0  1  1  0  1  0  1  0  0x6A
1422	1  1  1  1  0  0  0  0  0xF0
1423	0  0  0  1  1  0  0  1  0x19
1424	1  1  0  0  0  0  0  0  0xC0
1425	1  0  1  1  1  0  1  0  0xBA
1426	0  0  0  0  0  0  0  0  0x00
1427	1  0  1  1  1  1  1  1  0xBF
1428	0  1  1  1  0  1  1  1  0x77
1429	1  0  1  1  0  1  1  0  0xB6
1430	0  1  0  0  0  0  1  1  0x43
1431	0  1  1  0  0  1  0  0  0x64
1432	0  1  0  0  0  0  1  1  0x43
1433	0  0  1  1  0  1  0  0  0x34
1434	1  1  1  0  0  1  1  0  0xE6
1435	0  0  1  1  1  0  1  1  0x3B
1436	0  0  0  0  1  0  0  1  0x09
1437	0  1  0  0  0  1  0  1  0x45
1438	1  0  1  0  0  1  1  1  0xA7
1439	1  0  0  1  1  1  1  1  0x9F
1440	1  0  0  0  0  1  0  1  0x85
1441	1  0  1  0  0  0  0  1  0xA1
1442	0  0  1  0  1  1  0  0  0x2C
1443	0  0  1  0  0  0  0  0  0x20
1444	1  1  0  0  0  0  1  0  0xC2
1445	0  1  0  1  0  0  1  0  0x52
1446	1  0  1  0  0  1  1  0  0xA6
1447	1  1  0  0  1  1  0  1  0xCD
1448	1  1  0  1  1  0  1  1  0xDB
1449	1  0  1  0  0  0  0  1  0xA1
1450	1  0  1  0  0  1  1  0  0xA6
1451	1  1  0  0  0  0  1  0  0xC2
1452	1  1  1  1  0  0  0  0  0xF0
1453	0  0  1  1  1  1  1  0  0x3E
1454	0  0  1  1  1  1  1  1  0x3F
1455	1  1  1  1  0  0  0  1  0xF1
1456	0  1  1  0  1  0  1  1  0x6B
1457	1  0  1  1  0  0  1  1  0xB3
1458	0  1  0  1  1  1  1  0  0x5E
1459	0  0  1  1  0  1  0  1  0x35
1460	0  1  1  1  0  1  0  1  0x75
1461	0  0  0  0  1  0  1  0  0x0A
1462	0  1  1  0  0  1  1  0  0x66
1463	1  0  0  1  0  1  0  0  0x94
1464	1  0  1  1  0  0  1  1  0xB3
1465	1  0  1  1  1  1  1  0  0xBE
1466	0  0  0  0  1  1  1  1  0x0F
1467	1  1  0  1  0  1  0  0  0xD4
1468	0  1  0  0  0  1  0  1  0x45
1469	1  1  1  0  0  0  0  0  0xE0
1470	1  0  0  0  0  0  0  0  0x80
1471	0  1  0  0  0  0  1  0  0x42
1472	0  0  0  0  0  0  0  1  0x01
1473	1  0  0  0  1  0  1  0  0x8A
1474	1  0  1  0  1  0  1  1  0xAB
1475	1  0  1  1  1  1  1  0  0xBE
1476	1  1  1  0  1  1  0  0  0xEC
1477	1  0  0  0  1  0  0  1  0x89
1478	1  1  1  0  1  0  0  1  0xE9
1479	0  0  0  0  1  0  1  1  0x0B
1480	1  1  1  1  1  0  1  0  0xFA
1481	0  1  0  0  0  1  1  0  0x46
1482	1  1  0  1  0  1  1  1  0xD7
1483	0  1  0  1  0  1  0  1  0x55
1484	0  0  0  0  1  0  0  0  0x08
1485	1  1  1  1  0  1  0  1  0xF5
1486	0  1  1  1  0  0  0  1  0x71
1487	0  0  0  0  0  1  0  0  0x04
1488	0  0  0  1  0  1  1  0  0x16
1489	0  0  0  0  0  0  1  0  0x02
1490	0  1  1  0  1  1  0  0  0x6C
1491	1  1  0  0  0  0  0  0  0xC0
1492	1  1  0  0  1  0  0  1  0xC9
1493	1  0  1  1  1  0  0  0  0xB8
1494	1  1  0  1  1  0  0  0  0xD8
1495	1  1  0  0  0  1  0  1  0xC5
1496	0  0  1  0  0  0  0  1  0x21
1497	0  0  1  1  0  1  0  0  0x34
1498	1  1  1  1  0  1  1  1  0xF7
1499	0  1  1  0  1  0  0  1  0x69
1500	0  1  1  1  0  1  1  0  0x76
1501	1  0  0  0  1  0  0  1  0x89
1502	0  1  0  1  1  0  0  0  0x58
1503	1  1  1  0  1  0  1  0  0xEA
1504	1  0  1  1  1  0  0  1  0xB9
1505	0  0  1  1  0  1  0  1  0x35
1506	0  0  1  1  1  0  0  0  0x38
1507	0  1  1  1  1  1  0  1  0x7D
1508	1  1  1  0  1  0  0  1  0xE9
1509	1  1  0  0  0  1  0  0  0xC4
1510	0  0  0  1  1  0  0  1  0x19
1511	1  0  0  1  0  1  0  1  0x95
1512	1  1  0  1  0  1  0  0  0xD4
1513	1  1  0  0  0  0  1  1  0xC3
1514	1  0  1  0  0  1  0  0  0xA4
1515	0  1  1  1  0  0  0  1  0x71
1516	0  0  0  1  0  0  0  0  0x10
1517	1  1  1  0  0  1  1  1  0xE7
1518	1  0  1  1  1  1  0  0  0xBC
1519	1  1  1  0  1  0  0  1  0xE9
1520	0  0  1  1  1  0  0  1  0x39
1521	0  1  1  1  1  1  1  0  0x7E
1522	1  1  1  0  0  1  0  0  0xE4
1523	0  1  1  1  1  0  0  1  0x79
1524	0  1  1  0  1  1  0  0  0x6C
1525	0  0  0  1  0  1  1  1  0x17
1526	1  1  0  1  0  0  1  1  0xD3
1527	1  0  0  0  1  1  1  0  0x8E
1528	0  0  0  0  0  1  0  0  0x04
1529	0  1  1  0  1  1  1  0  0x6E
1530	0  1  0  1  0  1  1  0  0x56
1531	0  0  0  1  0  0  0  1  0x11
1532	1  0  0  1  0  1  0  0  0x94
1533	1  0  0  1  1  0  1  0  0x9A
1534	0  1  1  0  0  1  1  0  0x66
1535	0  0  1  1  0  0  1  0  0x32
1536	0  0  1  0  0  1  0  1  0x25
1537	0  1  1  1  1  0  1  0  0x7A
1538	1  0  0  0  1  0  0  1  0x89
1539	0  1  1  1  0  1  1  0  0x76
1540	1  0  1  1  0  0  0  1  0xB1
1541	0  1  0  1  1  1  0  0  0x5C
1542	0  1  1  0  1  1  1  0  0x6E
1543	0  0  0  0  0  0  1  1  0x03
1544	1  1  1  0  0  0  0  0  0xE0
1545	1  1  1  1  0  0  0  0  0xF0
1546	1  1  0  0  0  0  1  1  0xC3
1547	0  0  1  0  1  1  0  0  0x2C
1548	0  0  0  0  0  0  0  1  0x01
1549	0  1  1  0  1  1  0  1  0x6D
1550	0  1  0  1  1  0  1  0  0x5A
1551	0  0  1  1  1  0  0  0  0x38
1552	0  1  0  0  1  1  0  0  0x4C
1553	0  0  0  0  0  0  0  1  0x01
1554	0  1  1  1  1  1  0  1  0x7D
1555	0  1  1  1  1  0  0  0  0x78
1556	0  1  0  1  0  1  1  0  0x56
1557	0  1  1  1  1  1  1  1  0x7F
1558	1  0  0  0  1  1  1  1  0x8F
1559	1  0  0  0  1  0  0  0  0x88
1560	1  1  0  1  0  1  1  0  0xD6
1561	0  1  0  0  0  1  0  0  0x44
1562	1  1  1  0  0  1  0  0  0xE4
1563	1  1  1  0  0  1  0  0  0xE4
1564	1  0  0  1  0  1  1  1  0x97
1565	0  1  1  0  1  0  1  0  0x6A
1566	1  1  1  0  0  0  1  0  0xE2
1567	1  0  1  0  1  1  1  1  0xAF
1568	1  0  1  1  1  1  0  1  0xBD
1569	0  0  1  1  0  0  0  1  0x31
1570	0  1  0  1  1  0  0  0  0x58
1571	1  1  0  0  0  0  0  0  0xC0
1572	0  0  1  1  1  1  0  0  0x3C
1573	1  0  1  0  1  0  0  1  0xA9
1574	0  0  0  1  1  1  1  0  0x1E
1575	1  1  1  0  1  1  1  1  0xEF
1576	1  0  0  1  0  1  0  1  0x95
1577	1  0  1  0  0  1  0  1  0xA5
1578	1  1  1  0  1  1  1  0  0xEE
1579	1  0  0  1  1  1  1  0  0x9E
1580	1  1  0  1  0  0  1  1  0xD3
1581	1  1  0  1  1  1  0  1  0xDD
1582	1  0  0  0  0  0  1  1  0x83
1583	1  0  0  0  1  0  1  0  0x8A
1584	1  1  0  0  0  1  1  0  0xC6
1585	0  1  1  0  0  0  1  0  0x62
1586	1  1  1  1  0  0  0  0  0xF0
1587	1  1  0  1  0  1  0  0  0xD4
1588	0  1  1  1  1  1  1  1  0x7F
1589	0  1  0  0  1  0  0  0  0x48
1590	0  1  0  0  0  0  1  1  0x43
1591	0  1  0  0  1  0  1  1  0x4B
1592	0  0  0  0  1  1  0  1  0x0D
1593	1  0  0  0  1  1  1  0  0x8E
1594	0  1  0  1  1  0  1  0  0x5A
1595	1  1  1  1  1  1  0  0  0xFC
1596	0  1  1  1  0  1  1  0  0x76
1597	0  1  0  1  0  0  0  1  0x51
1598	0  0  0  0  0  1  0  0  0x04
1599	1  1  1  1  1  1  0  0  0xFC
1600	1  1  1  1  1  0  0  0  0xF8
1601	0  0  1  1  0  0  0  1  0x31
1602	0  1  0  1  1  1  0  0  0x5C
1603	0  1  1  1  0  1  0  0  0x74
1604	1  0  0  0  0  0  0  1  0x81
1605	0  0  0  0  0  1  0  0  0x04
1606	0  1  1  0  0  0  1  1  0x63
1607	1  1  1  0  1  1  1  0  0xEE
1608	0  1  1  0  1  1  0  0  0x6C
1609	1  0  1  1  1  0  1  0  0xBA
1610	1  1  0  1  1  1  0  1  0xDD
1611	1  1  1  0  0  0  0  0  0xE0
1612	0  1  1  1  1  1  1  0  0x7E
1613	1  0  0  1  0  0  0  0  0x90
1614	0  1  1  0  1  1  0  1  0x6D
1615	0  1  1  1  0  1  1  1  0x77
1616	0  0  1  0  0  0  0  1  0x21
1617	0  1  1  1  1  0  0  1  0x79
1618	1  1  1  1  0  1  0  0  0xF4
1619	1  0  1  0  0  1  0  1  0xA5
1620	1  1  0  1  1  1  1  1  0xDF
1621	1  1  0  0  1  0  1  0  0xCA
1622	0  0  1  0  0  1  1  1  0x27
1623	0  1  1  0  1  1  1  0  0x6E
1624	0  0  1  0  0  0  1  0  0x22
1625	0  0  1  0  0  1  0  0  0x24
1626	0  1  1  0  1  1  1  1  0x6F
1627	0  1  1  0  1  1  1  0  0x6E
1628	0  0  1  0  1  0  1  0  0x2A
1629	1  0  1  0  0  1  1  1  0xA7
1630	0  0  0  0  0  1  0  1  0x05
1631	1  0  1  0  1  1  1  1  0xAF
1632	0  1  0  0  1  1  1  1  0x4F
1633	0  1  0  1  0  1  0  0  0x54
1634	0  1  0  0  1  1  1  0  0x4E
1635	1  0  1  0  1  0  1  0  0xAA
1636	0  1  1  1  1  0  0  1  0x79
1637	1  1  0  0  0  0  1  1  0xC3
1638	0  1  1  1  0  1  0  0  0x74
1639	1  0  0  1  1  0  1  1  0x9B
1640	1  1  0  1  1  1  0  1  0xDD
1641	0  0  0  0  0  1  1  1  0x07
1642	0  1  0  0  0  1  1  0  0x46
1643	0  0  0  0  1  0  1  0  0x0A
1644	1  1  1  1  1  0  1  0  0xFA
1645	1  1  0  1  1  1  1  1  0xDF
1646	0  1  0  1  0  0  1  0  0x52
1647	1  0  0  1  0  1  1  0  0x96
1648	1  1  0  1  0  0  1  1  0xD3
1649	0  0  0  1  1  1  1  0  0x1E
1650	0  1  0  0  0  0  0  1  0x41
1651	0  0  0  0  0  1  0  1  0x05
1652	0  1  1  0  1  1  1  0  0x6E
1653	0  1  0  1  1  1  0  1  0x5D
1654	0  1  1  1  0  0  1  1  0x73
1655	1  0  0  0  1  0  0  1  0x89
1656	1  0  0  0  1  1  0  1  0x8D
1657	1  1  0  1  1  1  1  1  0xDF
1658	1  1  0  1  1  0  1  1  0xDB
1659	0  1  0  1  0  1  0  1  0x55
1660	1  0  1  0  1  0  1  1  0xAB
1661	1  1  0  0  0  1  0  0  0xC4
1662	0  0  0  1  1  1  0  0  0x1C
1663	0  1  1  0  0  0  0  0  0x60
1664	0  0  1  1  1  0  1  0  0x3A
1665	0  1  1  1  0  0  1  0  0x72
1666	1  1  1  0  0  1  0  1  0xE5
1667	0  1  1  1  1  0  0  1  0x79
1668	0  0  0  1  1  1  0  0  0x1C
1669	0  1  0  0  0  0  0  0  0x40
1670	1  0  0  0  1  0  1  0  0x8A
1671	1  0  0  0  1  1  0  0  0x8C
1672	0  1  1  0  0  0  0  0  0x60
1673	0  1  1  0  0  1  0  1  0x65
1674	1  1  1  0  0  0  1  1  0xE3
1675	0  0  1  1  0  0  1  1  0x33
1676	0  0  1  1  1  1  1  0  0x3E
1677	0  0  1  0  0  0  0  0  0x20
1678	0  1  1  0  1  0  1  0  0x6A
1679	1  0  0  0  0  0  0  0  0x80
1680	0  1  0  1  0  1  0  1  0x55
1681	0  0  1  0  1  0  0  1  0x29
1682	1  0  0  1  0  0  0  0  0x90
1683	0  0  0  0  1  0  0  1  0x09
1684	0  0  1  0  0  0  1  1  0x23
1685	0  1  0  1  1  0  0  1  0x59
1686	0  1  1  0  0  0  0  0  0x60
1687	0  0  1  1  0  1  0  1  0x35
1688	1  1  0  0  0  1  0  1  0xC5
1689	1  0  0  1  0  1  0  1  0x95
1690	0  1  0  1  0  1  1  1  0x57
1691	1  1  0  0  0  1  1  1  0xC7
1692	1  1  1  1  0  0  0  1  0xF1
1693	0  0  0  0  0  0  0  0  0x00
1694	1  0  0  0  0  0  1  0  0x82
1695	1  0  1  0  1  0  0  0  0xA8
1696	0  0  1  1  0  0  0  1  0x31
1697	0  1  1  0  0  0  0  1  0x61
1698	1  1  0  1  1  0  0  1  0xD9
1699	1  1  1  1  1  0  0  1  0xF9
1700	0  1  1  0  0  0  1  0  0x62
1701	1  1  0  1  0  0  1  0  0xD2
1702	1  1  0  1  1  0  1  1  0xDB
1703	0  1  0  1  1  0  0  1  0x59
1704	0  1  1  0  1  1  0  0  0x6C
1705	1  0  1  0  1  0  1  0  0xAA
1706	0  1  1  0  1  1  0  0  0x6C
1707	0  1  1  1  0  0  1  1  0x73
1708	0  1  0  0  0  0  1  1  0x43
1709	1  0  1  0  1  1  0  1  0xAD
1710	1  1  1  0  1  0  1  1  0xEB
1711	1  1  0  0  1  1  0  0  0xCC
1712	0  0  0  1  1  1  1  0  0x1E
1713	0  1  1  1  0  0  1  1  0x73
1714	1  0  0  1  1  0  0  0  0x98
1715	1  1  0  0  1  1  0  0  0xCC
1716	1  1  1  1  0  1  1  1  0xF7
1717	0  0  0  1  0  1  1  0  0x16
1718	0  0  1  0  0  1  0  0  0x24
1719	0  0  0  0  1  0  1  0  0x0A
1720	0  1  0  0  0  1  0  0  0x44
1721	0  0  0  1  1  1  1  1  0x1F
1722	1  0  0  1  1  0  1  0  0x9A
1723	1  1  0  1  1  1  0  0  0xDC
1724	1  1  1  1  0  1  0  0  0xF4
1725	1  0  1  1  0  0  1  1  0xB3
1726	0  1  1  0  1  1  1  0  0x6E
1727	0  0  0  1  1  1  1  1  0x1F
1728	1  0  1  0  1  1  0  0  0xAC
1729	1  1  1  1  1  0  1  0  0xFA
1730	1  1  1  0  0  0  1  1  0xE3
1731	0  1  0  0  0  0  1  1  0x43
1732	0  1  0  0  0  0  1  0  0x42
1733	1  1  0  1  0  0  0  0  0xD0
1734	1  0  1  0  0  0  1  0  0xA2
1735	1  0  0  1  1  0  1  1  0x9B
1736	0  1  1  1  1  0  1  1  0x7B
1737	1  0  1  1  0  0  0  0  0xB0
1738	1  0  0  1  0  1  1  1  0x97
1739	1  1  1  0  0  1  0  0  0xE4
1740	0  0  0  0  0  0  0  1  0x01
1741	1  1  0  1  1  1  0  1  0xDD
1742	0  0  0  0  1  1  1  1  0x0F
1743	0  0  0  1  0  0  1  1  0x13
1744	1  0  1  0  1  0  0  0  0xA8
1745	1  1  0  1  0  0  1  0  0xD2
1746	0  0  0  1  0  0  0  1  0x11
1747	0  1  1  0  0  1  0  0  0x64
1748	1  1  1  0  0  0  1  0  0xE2
1749	1  1  1  0  1  1  0  0  0xEC
1750	1  1  1  1  1  0  1  0  0xFA
1751	1  0  0  1  1  1  1  1  0x9F
1752	1  0  0  0  0  0  0  0  0x80
1753	0  1  0  1  0  1  1  0  0x56
1754	0  1  0  1  1  1  0  0  0x5C
1755	1  0  1  0  1  1  0  1  0xAD
1756	1  0  1  0  1  0  1  1  0xAB
1757	0  0  1  1  0  1  0  1  0x35
1758	0  0  0  1  1  0  0  0  0x18
1759	0  1  0  1  1  1  0  0  0x5C
1760	0  0  1  0  0  0  1  0  0x22
1761	0  0  0  1  0  1  0  1  0x15
1762	1  0  1  1  1  0  0  1  0xB9
1763	0  1  1  0  1  1  1  1  0x6F
1764	1  0  1  1  0  1  1  0  0xB6
1765	1  0  0  1  0  1  0  0  0x94
1766	0  0  0  1  0  1  0  0  0x14
1767	1  1  1  0  1  0  1  0  0xEA
1768	0  0  0  0  0  0  1  1  0x03
1769	0  1  0  0  1  1  0  1  0x4D
1770	0  0  0  1  1  1  1  0  0x1E
1771	1  0  0  1  1  1  0  0  0x9C
1772	0  1  1  1  0  0  0  0  0x70
1773	0  0  0  0  0  1  1  1  0x07
1774	0  0  0  0  1  1  1  0  0x0E
1775	1  1  1  0  1  1  0  1  0xED
1776	0  1  1  0  1  0  0  1  0x69
1777	0  0  0  1  1  1  1  1  0x1F
1778	1  0  1  1  0  0  1  1  0xB3
1779	1  1  1  0  1  0  0  1  0xE9
1780	1  1  0  1  1  1  0  0  0xDC
1781	0  0  1  1  0  0  1  1  0x33
1782	0  0  0  1  0  1  1  1  0x17
1783	1  0  0  0  1  1  0  1  0x8D
1784	1  1  1  1  0  0  1  0  0xF2
1785	0  0  0  1  0  0  0  0  0x10
1786	0  1  0  1  0  1  0  1  0x55
1787	0  1  0  1  0  0  1  0  0x52
1788	0  0  0  0  1  1  1  1  0x0F
1789	1  1  0  1  1  1  1  0  0xDE
1790	1  0  1  1  1  0  0  0  0xB8
1791	1  1  1  1  1  0  0  0  0xF8
1792	0  0  0  0  1  1  0  1  0x0D
1793	1  0  0  0  1  0  1  1  0x8B
1794	0  0  0  1  0  1  0  1  0x15
1795	1  0  0  1  0  1  0  0  0x94
1796	1  0  1  1  0  1  0  0  0xB4
1797	0  1  1  1  0  1  0  1  0x75
1798	0  1  1  0  1  0  1  1  0x6B
1799	1  1  0  1  1  1  0  1  0xDD
1800	0  1  1  1  1  1  0  1  0x7D
1801	0  1  0  1  1  0  1  1  0x5B
1802	1  0  1  1  1  0  0  0  0xB8
1803	1  0  1  1  0  0  1  1  0xB3
1804	1  0  0  0  1  0  0  0  0x88
1805	1  0  0  0  0  1  0  1  0x85
1806	0  0  0  1  1  1  1  0  0x1E
1807	1  1  1  1  0  0  0  1  0xF1
1808	1  1  0  1  1  0  1  1  0xDB
1809	0  0  1  1  0  0  1  1  0x33
1810	0  0  1  1  0  1  1  1  0x37
1811	0  1  1  1  0  1  0  0  0x74
1812	1  1  0  1  1  1  0  1  0xDD
1813	0  1  0  0  0  0  1  1  0x43
1814	1  0  1  1  0  1  0  1  0xB5
1815	0  1  1  0  1  1  0  0  0x6C
1816	0  0  0  1  0  0  1  0  0x12
1817	0  0  1  0  0  1  1  1  0x27
1818	0  0  1  1  1  1  1  0  0x3E
1819	1  1  1  0  0  0  1  0  0xE2
1820	0  0  0  1  1  0  0  0  0x18
1821	0  0  0  0  0  1  1  1  0x07
1822	1  0  0  0  0  1  1  1  0x87
1823	1  0  0  0  1  0  1  0  0x8A
1824	1  1  1  0  0  0  1  1  0xE3
1825	0  0  1  1  0  0  1  0  0x32
1826	1  0  1  0  1  1  1  1  0xAF
1827	1  1  0  0  1  0  1  1  0xCB
1828	0  0  1  1  0  1  0  1  0x35
1829	1  1  0  0  1  0  1  1  0xCB
1830	1  1  0  1  1  1  1  0  0xDE
1831	0  0  0  0  1  1  0  1  0x0D
1832	0  1  1  0  0  0  0  1  0x61
1833	1  0  1  1  0  0  0  0  0xB0
1834	0  0  0  1  1  1  1  0  0x1E
1835	0  1  0  0  0  0  1  0  0x42
1836	0  1  0  0  0  0  0  0  0x40
1837	1  0  1  0  1  1  1  0  0xAE
1838	0  1  1  1  1  0  0  1  0x79
1839	1  0  1  1  0  1  1  1  0xB7
1840	0  1  1  1  0  1  0  0  0x74
1841	1  1  1  0  0  1  0  0  0xE4
1842	0  1  0  1  0  1  0  0  0x54
1843	0  0  0  1  1  1  0  1  0x1D
1844	1  1  0  1  1  1  0  0  0xDC
1845	0  1  1  1  0  1  0  1  0x75
1846	0  0  0  0  1  0  1  1  0x0B
1847	1  1  0  1  0  0  1  1  0xD3
1848	0  1  0  1  1  0  0  0  0x58
1849	0  1  1  1  0  0  1  0  0x72
1850	1  1  0  0  1  1  1  0  0xCE
1851	0  1  1  1  0  1  1  0  0x76
1852	1  0  1  1  1  1  1  0  0xBE
1853	0  0  0  0  0  1  1  0  0x06
1854	1  0  1  1  1  1  0  0  0xBC
1855	1  0  1  0  1  0  1  1  0xAB
1856	0  0  0  1  1  1  0  1  0x1D
1857	1  1  1  0  0  0  1  1  0xE3
1858	0  0  1  1  1  1  1  0  0x3E
1859	0  0  1  0  1  1  0  0  0x2C
1860	0  0  1  1  0  0  0  1  0x31
1861	1  1  1  0  1  1  0  1  0xED
1862	1  0  1  0  0  1  0  1  0xA5
1863	0  0  0  1  0  0  0  1  0x11
1864	0  0  1  0  0  1  1  0  0x26
1865	0  0  1  0  0  1  1  0  0x26
1866	0  0  0  0  0  1  1  1  0x07
1867	0  1  1  0  0  0  0  1  0x61
1868	1  0  0  1  0  0  0  1  0x91
1869	1  1  0  1  1  0  1  0  0xDA
1870	0  1  0  1  0  1  1  0  0x56
1871	1  1  0  1  1  0  0  0  0xD8
1872	1  0  1  0  1  1  0  0  0xAC
1873	0  0  0  0  1  0  1  1  0x0B
1874	1  1  0  0  0  0  1  1  0xC3
1875	1  1  1  1  1  0  1  1  0xFB
1876	1  1  0  1  0  0  1  0  0xD2
1877	0  0  0  1  1  1  1  1  0x1F
1878	0  1  0  1  0  0  1  0  0x52
1879	0  1  0  1  1  0  1  0  0x5A
1880	0  0  1  1  1  0  1  1  0x3B
1881	1  1  0  0  1  0  0  1  0xC9
1882	1  0  1  1  1  1  1  0  0xBE
1883	0  0  1  0  0  1  0  1  0x25
1884	1  1  1  1  1  0  0  1  0xF9
1885	0  0  1  1  0  1  0  1  0x35
1886	1  0  0  0  1  1  1  1  0x8F
1887	1  1  1  1  0  0  1  1  0xF3
1888	0  0  1  1  0  0  1  0  0x32
1889	0  1  1  1  0  1  1  1  0x77
1890	0  1  1  1  1  0  1  0  0x7A
1891	1  1  0  0  1  1  1  0  0xCE
1892	1  0  0  1  1  1  1  1  0x9F
1893	0  0  1  1  0  1  0  1  0x35
1894	1  1  1  1  1  0  0  1  0xF9
1895	1  0  0  0  0  0  1  0  0x82
1896	0  1  0  0  0  1  1  0  0x46
1897	1  0  0  1  0  1  0  0  0x94
1898	0  0  1  0  1  0  1  1  0x2B
1899	0  0  1  0  0  1  1  1  0x27
1900	0  1  1  1  0  1  0  0  0x74
1901	0  1  1  0  0  0  0  1  0x61
1902	1  1  1  0  1  1  1  0  0xEE
1903	1  1  1  0  1  1  0  0  0xEC
1904	1  1  1  1  1  1  0  1  0xFD
1905	1  0  0  0  0  0  0  1  0x81
1906	0  0  1  1  1  0  1  0  0x3A
1907	0  0  1  0  0  1  1  1  0x27
1908	1  0  1  1  0  1  1  1  0xB7
1909	1  0  0  1  1  0  1  1  0x9B
1910	1  1  0  0  0  0  0  1  0xC1
1911	1  0  0  1  1  0  1  0  0x9A
1912	0  0  1  1  0  1  0  1  0x35
1913	0  0  0  0  0  0  1  1  0x03
1914	1  1  0  0  0  1  0  1  0xC5
1915	0  0  0  0  1  0  0  0  0x08
1916	1  1  0  0  0  0  0  0  0xC0
1917	1  1  1  0  1  0  1  0  0xEA
1918	0  0  1  1  1  0  0  1  0x39
1919	1  1  1  1  1  0  0  1  0xF9
1920	1  0  0  1  1  1  0  0  0x9C
1921	1  1  0  0  0  1  0  1  0xC5
1922	0  0  0  1  1  0  1  1  0x1B
1923	1  1  0  0  1  0  0  1  0xC9
1924	0  1  1  1  1  0  0  1  0x79
1925	1  1  1  1  1  0  1  0  0xFA
1926	0  0  0  1  0  0  0  1  0x11
1927	1  1  1  1  0  1  1  1  0xF7
1928	0  0  1  1  0  1  1  1  0x37
1929	1  1  0  1  0  0  1  0  0xD2
1930	0  1  0  0  0  0  1  0  0x42
1931	1  0  1  0  1  1  0  0  0xAC
1932	1  1  0  1  1  1  1  0  0xDE
1933	1  0  0  1  1  0  1  1  0x9B
1934	0  1  1  1  1  0  0  0  0x78
1935	1  0  0  0  1  0  1  0  0x8A
1936	1  1  0  1  1  1  1  0  0xDE
1937	0  0  0  1  1  1  0  1  0x1D
1938	0  1  1  1  0  0  1  1  0x73
1939	1  0  1  1  1  0  0  0  0xB8
1940	1  0  0  0  0  0  1  1  0x83
1941	0  0  1  1  1  1  1  1  0x3F
1942	1  0  0  1  0  0  0  0  0x90
1943	0  0  1  0  1  0  1  1  0x2B
1944	1  0  1  1  1  1  0  0  0xBC
1945	1  1  1  1  1  0  1  0  0xFA
1946	1  0  0  1  1  0  1  1  0x9B
1947	0  0  1  1  0  1  1  0  0x36
1948	0  0  0  0  1  1  0  1  0x0D
1949	0  1  1  1  1  1  1  1  0x7F
1950	1  1  1  1  0  0  0  1  0xF1
1951	0  1  0  1  0  1  0  1  0x55
1952	1  1  0  1  0  0  0  1  0xD1
1953	1  0  1  0  0  1  0  0  0xA4
1954	1  1  0  1  1  0  1  0  0xDA
1955	0  0  1  1  0  1  1  0  0x36
1956	1  0  1  1  0  1  0  1  0xB5
1957	1  0  0  1  0  1  0  1  0x95
1958	0  0  1  0  0  1  0  1  0x25
1959	0  0  0  0  1  0  0  1  0x09
1960	0  1  1  1  0  0  1  0  0x72
1961	1  0  1  1  1  0  0  0  0xB8
1962	0  0  0  0  0  1  0  1  0x05
1963	0  0  0  0  1  0  0  1  0x09
1964	1  1  0  0  1  0  1  0  0xCA
1965	1  1  1  0  0  0  0  0  0xE0
1966	0  0  1  0  1  1  0  0  0x2C
1967	0  1  0  0  1  0  1  1  0x4B
1968	1  1  0  0  0  1  1  0  0xC6
1969	1  0  1  1  0  1  1  0  0xB6
1970	0  0  1  0  0  1  1  0  0x26
1971	1  1  0  0  0  1  1  1  0xC7
1972	0  0  1  0  1  1  1  0  0x2E
1973	0  1  1  0  0  1  0  1  0x65
1974	1  1  1  1  0  1  1  1  0xF7
1975	1  0  1  0  0  1  0  0  0xA4
1976	0  1  0  0  1  0  0  1  0x49
1977	1  0  0  0  0  1  0  1  0x85
1978	1  1  1  1  1  0  0  0  0xF8
1979	1  1  0  0  1  0  0  0  0xC8
1980	1  1  0  1  0  1  1  0  0xD6
1981	0  1  0  0  1  0  1  0  0x4A
1982	1  1  1  0  1  1  1  1  0xEF
1983	1  0  1  0  0  0  0  0  0xA0
1984	0  1  0  0  1  0  1  0  0x4A
1985	1  1  1  0  1  1  1  0  0xEE
1986	0  1  1  0  1  1  1  0  0x6E
1987	0  0  1  0  1  1  0  1  0x2D
1988	0  1  0  0  1  1  0  0  0x4C
1989	0  1  0  1  1  1  0  0  0x5C
1990	0  1  1  0  1  1  1  0  0x6E
1991	0  1  0  1  0  0  0  0  0x50
1992	0  1  1  0  1  1  1  1  0x6F
1993	0  0  0  1  1  1  1  0  0x1E
1994	0  0  1  0  1  0  1  1  0x2B
1995	0  1  0  1  0  1  1  0  0x56
1996	0  0  1  0  1  1  1  1  0x2F
1997	1  0  0  0  1  0  0  0  0x88
1998	0  1  0  0  0  0  1  0  0x42
1999	1  1  0  0  0  1  1  1  0xC7
2000	0  0  1  0  1  1  1  0  0x2E
2001	0  0  1  0  0  1  1  0  0x26
2002	0  0  0  0  1  0  0  1  0x09
2003	0  1  1  0  1  0  1  1  0x6B
2004	1  0  1  0  1  1  1  1  0xAF
2005	0  1  1  0  0  1  0  0  0x64
2006	0  0  1  0  1  1  1  1  0x2F
2007	1  0  0  1  1  1  1  0  0x9E
2008	0  1  0  1  0  0  1  1  0x53
2009	0  1  1  1  1  1  0  0  0x7C
2010	1  0  0  1  0  1  0  1  0x95
2011	1  1  0  1  0  1  1  0  0xD6
2012	0  0  0  1  0  1  0  0  0x14
2013	1  0  1  0  0  1  0  1  0xA5
2014	0  1  1  0  1  1  0  0  0x6C
2015	0  1  1  1  0  0  1  0  0x72
2016	0  1  1  1  1  1  1  1  0x7F
2017	0  1  1  1  1  0  1  0  0x7A
2018	1  0  0  0  1  1  1  1  0x8F
2019	1  1  0  0  0  1  0  1  0xC5
2020	0  0  1  1  0  1  1  0  0x36
2021	1  0  1  0  1  0  0  0  0xA8
2022	0  0  1  0  0  0  1  1  0x23
2023	0  1  1  0  0  0  1  1  0x63
2024	1  0  1  0  0  1  0  1  0xA5
2025	1  1  0  1  1  1  0  0  0xDC
2026	0  1  1  0  1  1  0  1  0x6D
2027	1  0  1  0  1  0  1  1  0xAB
2028	0  0  0  0  0  1  0  0  0x04
2029	1  1  1  0  1  1  0  0  0xEC
2030	1  1  1  1  0  0  1  1  0xF3
2031	1  0  0  1  0  1  0  1  0x95
2032	1  0  0  0  1  1  1  0  0x8E
2033	0  1  0  0  0  1  0  0  0x44
2034	1  1  0  1  0  1  1  0  0xD6
2035	1  0  1  1  1  1  0  1  0xBD
2036	0  0  0  0  0  0  0  0  0x00
2037	1  0  0  1  0  0  1  1  0x93
2038	0  1  1  0  1  1  1  1  0x6F
2039	1  0  1  1  0  0  0  0  0xB0
2040	0  1  0  1  0  1  0  0  0x54
2041	1  0  1  1  0  1  1  1  0xB7
2042	0  0  1  0  1  0  0  1  0x29
2043	0  1  1  1  0  1  1  1  0x77
2044	1  0  1  1  1  1  1  1  0xBF
2045	1  1  1  0  0  1  1  1  0xE7
2046	1  0  0  1  1  1  1  1  0x9F
2047	0  1  1  0  0  0  1  0  0x62
